0 0 0 0 224 70
0 0 0 0 225 118
0 0 0 0 226 132
0 0 0 0 227 208
0 0 0 0 228 218
0 0 0 0 229 227
0 0 0 0 230 291
0 0 0 0 231 308
0 0 0 0 232 328
0 0 0 0 233 379
0 0 0 0 234 410
0 0 0 0 235 598
0 0 0 0 236 627
0 0 0 0 237 704
0 0 0 0 238 717
0 0 0 0 239 729
0 0 0 0 240 738
0 0 0 0 241 875
0 0 0 0 242 945
0 0 0 0 243 956
0 0 0 0 244 1013
0 0 0 0 245 1090
0 0 0 0 246 1123
0 0 0 0 247 1127
0 0 0 0 248 1146
0 0 0 0 249 1157
0 0 0 0 250 1219
0 0 0 0 251 1248
0 0 0 0 252 1432
0 0 0 0 253 1546
0 0 0 0 254 1561
0 0 0 0 255 1641
0 0 0 0 192 176
0 0 0 0 193 250
0 0 0 0 194 316
0 0 0 0 195 322
0 0 0 0 196 390
0 0 0 0 197 416
0 0 0 0 198 424
0 0 0 0 199 458
0 0 0 0 200 480
0 0 0 0 201 485
0 0 0 0 202 526
0 0 0 0 203 549
0 0 0 0 204 578
0 0 0 0 205 670
0 0 0 0 206 737
0 0 0 0 207 744
0 0 0 0 208 749
0 0 0 0 209 807
0 0 0 0 210 826
0 0 0 0 211 844
0 0 0 0 212 928
0 0 0 0 213 961
0 0 0 0 214 987
0 0 0 0 215 1014
0 0 0 0 216 1064
0 0 0 0 217 1081
0 0 0 0 218 1124
0 0 0 0 219 1185
0 0 0 0 220 1201
0 0 0 0 221 1227
0 0 0 0 222 1237
0 0 0 0 223 1300
0 0 0 0 64 25
0 0 0 0 65 338
0 0 0 0 66 497
0 0 0 0 67 521
0 0 0 0 68 668
0 0 0 0 69 680
0 0 0 0 70 686
0 0 0 0 71 688
0 0 0 0 72 696
0 0 0 0 73 743
0 0 0 0 74 761
0 0 0 0 75 779
0 0 0 0 76 801
0 0 0 0 77 824
0 0 0 0 78 828
0 0 0 0 79 945
0 0 0 0 80 973
0 0 0 0 81 1063
0 0 0 0 82 1129
0 0 0 0 83 1136
0 0 0 0 84 1214
0 0 0 0 85 1478
0 0 0 0 86 1593
0 0 0 0 87 1692
0 0 0 0 88 1829
0 0 0 0 89 1948
0 0 0 0 90 1973
0 0 0 0 91 2045
0 0 0 0 92 2047
0 0 0 0 93 2051
0 0 0 0 94 2140
0 0 0 0 95 2159
0 0 0 0 96 71
0 0 0 0 97 120
0 0 0 0 98 191
0 0 0 0 99 244
0 0 0 0 100 249
0 0 0 0 101 345
0 0 0 0 102 348
0 0 0 0 103 363
0 0 0 0 104 378
0 0 0 0 105 383
0 0 0 0 106 405
0 0 0 0 107 472
0 0 0 0 108 547
0 0 0 0 109 782
0 0 0 0 110 822
0 0 0 0 111 827
0 0 0 0 112 850
0 0 0 0 113 1020
0 0 0 0 114 1123
0 0 0 0 115 1136
0 0 0 0 116 1187
0 0 0 0 117 1207
0 0 0 0 118 1208
0 0 0 0 119 1240
0 0 0 0 120 1351
0 0 0 0 121 1598
0 0 0 0 122 1634
0 0 0 0 123 1678
0 0 0 0 124 1689
0 0 0 0 125 1752
0 0 0 0 126 1756
0 0 0 0 127 1777
0 0 0 0 160 122
0 0 0 0 161 230
0 0 0 0 162 377
0 0 0 0 163 406
0 0 0 0 164 409
0 0 0 0 165 413
0 0 0 0 166 439
0 0 0 0 167 450
0 0 0 0 168 499
0 0 0 0 169 566
0 0 0 0 170 655
0 0 0 0 171 681
0 0 0 0 172 710
0 0 0 0 173 711
0 0 0 0 174 800
0 0 0 0 175 804
0 0 0 0 176 883
0 0 0 0 177 931
0 0 0 0 178 1005
0 0 0 0 179 1079
0 0 0 0 180 1154
0 0 0 0 181 1168
0 0 0 0 182 1228
0 0 0 0 183 1266
0 0 0 0 184 1291
0 0 0 0 185 1314
0 0 0 0 186 1337
0 0 0 0 187 1385
0 0 0 0 188 1395
0 0 0 0 189 1438
0 0 0 0 190 1442
0 0 0 0 191 1449
0 0 0 0 32 37
0 0 0 0 33 70
0 0 0 0 34 92
0 0 0 0 35 98
0 0 0 0 36 108
0 0 0 0 37 229
0 0 0 0 38 280
0 0 0 0 39 318
0 0 0 0 40 333
0 0 0 0 41 355
0 0 0 0 42 357
0 0 0 0 43 413
0 0 0 0 44 565
0 0 0 0 45 566
0 0 0 0 46 657
0 0 0 0 47 753
0 0 0 0 48 808
0 0 0 0 49 936
0 0 0 0 50 952
0 0 0 0 51 1066
0 0 0 0 52 1078
0 0 0 0 53 1104
0 0 0 0 54 1216
0 0 0 0 55 1352
0 0 0 0 56 1358
0 0 0 0 57 1463
0 0 0 0 58 1543
0 0 0 0 59 1561
0 0 0 0 60 1600
0 0 0 0 61 1673
0 0 0 0 62 1683
0 0 0 0 63 1684
0 0 0 0 0 90
0 0 0 0 1 123
0 0 0 0 2 192
0 0 0 0 3 222
0 0 0 0 4 258
0 0 0 0 5 284
0 0 0 0 6 287
0 0 0 0 7 359
0 0 0 0 8 406
0 0 0 0 9 443
0 0 0 0 10 604
0 0 0 0 11 635
0 0 0 0 12 666
0 0 0 0 13 691
0 0 0 0 14 731
0 0 0 0 15 768
0 0 0 0 16 783
0 0 0 0 17 908
0 0 0 0 18 931
0 0 0 0 19 1015
0 0 0 0 20 1136
0 0 0 0 21 1215
0 0 0 0 22 1237
0 0 0 0 23 1385
0 0 0 0 24 1503
0 0 0 0 25 1505
0 0 0 0 26 1593
0 0 0 0 27 1595
0 0 0 0 28 1608
0 0 0 0 29 1676
0 0 0 0 30 1694
0 0 0 0 31 1787
0 0 0 0 128 18
0 0 0 0 129 97
0 0 0 0 130 132
0 0 0 0 131 171
0 0 0 0 132 374
0 0 0 0 133 468
0 0 0 0 134 503
0 0 0 0 135 586
0 0 0 0 136 671
0 0 0 0 137 762
0 0 0 0 138 840
0 0 0 0 139 851
0 0 0 0 140 886
0 0 0 0 141 1129
0 0 0 0 142 1153
0 0 0 0 143 1157
0 0 0 0 144 1181
0 0 0 0 145 1236
0 0 0 0 146 1242
0 0 0 0 147 1251
0 0 0 0 148 1270
0 0 0 0 149 1296
0 0 0 0 150 1355
0 0 0 0 151 1389
0 0 0 0 152 1469
0 0 0 0 153 1470
0 0 0 0 154 1482
0 0 0 0 155 1587
0 0 0 0 156 1687
0 0 0 0 157 1722
0 0 0 0 158 1743
0 0 0 0 159 1747
1 0 0 0 96 3432
1 0 0 0 97 3433
1 0 0 0 98 3434
1 0 0 0 99 3435
1 0 0 0 100 3436
1 0 0 0 101 3437
1 0 0 0 102 3438
1 0 0 0 103 3439
1 0 0 0 104 3440
1 0 0 0 105 3441
1 0 0 0 106 3442
1 0 0 0 107 3443
1 0 0 0 108 3444
1 0 0 0 109 3445
1 0 0 0 110 3446
1 0 0 0 111 3447
1 0 0 0 112 3448
1 0 0 0 113 3449
1 0 0 0 114 3450
1 0 0 0 115 3451
1 0 0 0 116 3452
1 0 0 0 117 3453
1 0 0 0 118 3454
1 0 0 0 119 3455
1 0 0 0 120 3456
1 0 0 0 121 3457
1 0 0 0 122 3458
1 0 0 0 123 3459
1 0 0 0 124 3460
1 0 0 0 125 3461
1 0 0 0 126 3462
1 0 0 0 127 3463
1 0 0 0 224 4732
1 0 0 0 225 4733
1 0 0 0 226 4734
1 0 0 0 227 4735
1 0 0 0 228 4736
1 0 0 0 229 4737
1 0 0 0 230 4738
1 0 0 0 231 4739
1 0 0 0 232 4740
1 0 0 0 233 4741
1 0 0 0 234 4742
1 0 0 0 235 4743
1 0 0 0 236 4744
1 0 0 0 237 4745
1 0 0 0 238 4746
1 0 0 0 239 4747
1 0 0 0 240 4748
1 0 0 0 241 4749
1 0 0 0 242 4750
1 0 0 0 243 4751
1 0 0 0 244 4752
1 0 0 0 245 4753
1 0 0 0 246 4754
1 0 0 0 247 4755
1 0 0 0 248 4756
1 0 0 0 249 4757
1 0 0 0 250 4758
1 0 0 0 251 4759
1 0 0 0 252 4760
1 0 0 0 253 4761
1 0 0 0 254 4762
1 0 0 0 255 4763
1 0 0 0 128 3752
1 0 0 0 129 3753
1 0 0 0 130 3754
1 0 0 0 131 3755
1 0 0 0 132 3756
1 0 0 0 133 3757
1 0 0 0 134 3758
1 0 0 0 135 3759
1 0 0 0 136 3760
1 0 0 0 137 3761
1 0 0 0 138 3762
1 0 0 0 139 3763
1 0 0 0 140 3764
1 0 0 0 141 3765
1 0 0 0 142 3766
1 0 0 0 143 3767
1 0 0 0 144 3768
1 0 0 0 145 3769
1 0 0 0 146 3770
1 0 0 0 147 3771
1 0 0 0 148 3772
1 0 0 0 149 3773
1 0 0 0 150 3774
1 0 0 0 151 3775
1 0 0 0 152 3776
1 0 0 0 153 3777
1 0 0 0 154 3778
1 0 0 0 155 3779
1 0 0 0 156 3780
1 0 0 0 157 3781
1 0 0 0 158 3782
1 0 0 0 159 3783
1 0 0 0 0 2527
1 0 0 0 1 2528
1 0 0 0 2 2529
1 0 0 0 3 2530
1 0 0 0 4 2531
1 0 0 0 5 2532
1 0 0 0 6 2533
1 0 0 0 7 2534
1 0 0 0 8 2535
1 0 0 0 9 2536
1 0 0 0 10 2537
1 0 0 0 11 2538
1 0 0 0 12 2539
1 0 0 0 13 2540
1 0 0 0 14 2541
1 0 0 0 15 2542
1 0 0 0 16 2543
1 0 0 0 17 2544
1 0 0 0 18 2545
1 0 0 0 19 2546
1 0 0 0 20 2547
1 0 0 0 21 2548
1 0 0 0 22 2549
1 0 0 0 23 2550
1 0 0 0 24 2551
1 0 0 0 25 2552
1 0 0 0 26 2553
1 0 0 0 27 2554
1 0 0 0 28 2555
1 0 0 0 29 2556
1 0 0 0 30 2557
1 0 0 0 31 2558
1 0 0 0 160 4087
1 0 0 0 161 4088
1 0 0 0 162 4089
1 0 0 0 163 4090
1 0 0 0 164 4091
1 0 0 0 165 4092
1 0 0 0 166 4093
1 0 0 0 167 4094
1 0 0 0 168 4095
1 0 0 0 169 4096
1 0 0 0 170 4097
1 0 0 0 171 4098
1 0 0 0 172 4099
1 0 0 0 173 4100
1 0 0 0 174 4101
1 0 0 0 175 4102
1 0 0 0 176 4103
1 0 0 0 177 4104
1 0 0 0 178 4105
1 0 0 0 179 4106
1 0 0 0 180 4107
1 0 0 0 181 4108
1 0 0 0 182 4109
1 0 0 0 183 4110
1 0 0 0 184 4111
1 0 0 0 185 4112
1 0 0 0 186 4113
1 0 0 0 187 4114
1 0 0 0 188 4115
1 0 0 0 189 4116
1 0 0 0 190 4117
1 0 0 0 191 4118
1 0 0 0 192 4399
1 0 0 0 193 4400
1 0 0 0 194 4401
1 0 0 0 195 4402
1 0 0 0 196 4403
1 0 0 0 197 4404
1 0 0 0 198 4405
1 0 0 0 199 4406
1 0 0 0 200 4407
1 0 0 0 201 4408
1 0 0 0 202 4409
1 0 0 0 203 4410
1 0 0 0 204 4411
1 0 0 0 205 4412
1 0 0 0 206 4413
1 0 0 0 207 4414
1 0 0 0 208 4415
1 0 0 0 209 4416
1 0 0 0 210 4417
1 0 0 0 211 4418
1 0 0 0 212 4419
1 0 0 0 213 4420
1 0 0 0 214 4421
1 0 0 0 215 4422
1 0 0 0 216 4423
1 0 0 0 217 4424
1 0 0 0 218 4425
1 0 0 0 219 4426
1 0 0 0 220 4427
1 0 0 0 221 4428
1 0 0 0 222 4429
1 0 0 0 223 4430
1 0 0 0 32 2825
1 0 0 0 33 2826
1 0 0 0 34 2827
1 0 0 0 35 2828
1 0 0 0 36 2829
1 0 0 0 37 2830
1 0 0 0 38 2831
1 0 0 0 39 2832
1 0 0 0 40 2833
1 0 0 0 41 2834
1 0 0 0 42 2835
1 0 0 0 43 2836
1 0 0 0 44 2837
1 0 0 0 45 2838
1 0 0 0 46 2839
1 0 0 0 47 2840
1 0 0 0 48 2841
1 0 0 0 49 2842
1 0 0 0 50 2843
1 0 0 0 51 2844
1 0 0 0 52 2845
1 0 0 0 53 2846
1 0 0 0 54 2847
1 0 0 0 55 2848
1 0 0 0 56 2849
1 0 0 0 57 2850
1 0 0 0 58 2851
1 0 0 0 59 2852
1 0 0 0 60 2853
1 0 0 0 61 2854
1 0 0 0 62 2855
1 0 0 0 63 2856
1 0 0 0 64 3133
1 0 0 0 65 3134
1 0 0 0 66 3135
1 0 0 0 67 3136
1 0 0 0 68 3137
1 0 0 0 69 3138
1 0 0 0 70 3139
1 0 0 0 71 3140
1 0 0 0 72 3141
1 0 0 0 73 3142
1 0 0 0 74 3143
1 0 0 0 75 3144
1 0 0 0 76 3145
1 0 0 0 77 3146
1 0 0 0 78 3147
1 0 0 0 79 3148
1 0 0 0 80 3149
1 0 0 0 81 3150
1 0 0 0 82 3151
1 0 0 0 83 3152
1 0 0 0 84 3153
1 0 0 0 85 3154
1 0 0 0 86 3155
1 0 0 0 87 3156
1 0 0 0 88 3157
1 0 0 0 89 3158
1 0 0 0 90 3159
1 0 0 0 91 3160
1 0 0 0 92 3161
1 0 0 0 93 3162
1 0 0 0 94 3163
1 0 0 0 95 3164
0 0 0 1 96 1849
0 0 0 1 97 1856
0 0 0 1 98 1895
0 0 0 1 99 2008
0 0 0 1 100 2093
0 0 0 1 101 2104
0 0 0 1 102 2191
0 0 0 1 103 2206
0 0 0 1 104 2309
0 0 0 1 105 2375
0 0 0 1 106 2439
0 0 0 1 107 2451
0 0 0 1 108 2502
0 0 0 1 109 2547
0 0 0 1 110 2562
0 0 0 1 111 2579
0 0 0 1 112 2660
0 0 0 1 113 2706
0 0 0 1 114 2710
0 0 0 1 115 2777
0 0 0 1 116 2782
0 0 0 1 117 2790
0 0 0 1 118 2842
0 0 0 1 119 2857
0 0 0 1 120 2909
0 0 0 1 121 2937
0 0 0 1 122 3213
0 0 0 1 123 3218
0 0 0 1 124 3263
0 0 0 1 125 3282
0 0 0 1 126 3306
0 0 0 1 127 3314
0 0 0 1 224 1676
0 0 0 1 225 1754
0 0 0 1 226 1825
0 0 0 1 227 1845
0 0 0 1 228 1862
0 0 0 1 229 1864
0 0 0 1 230 1868
0 0 0 1 231 1894
0 0 0 1 232 1978
0 0 0 1 233 2058
0 0 0 1 234 2098
0 0 0 1 235 2104
0 0 0 1 236 2165
0 0 0 1 237 2221
0 0 0 1 238 2241
0 0 0 1 239 2274
0 0 0 1 240 2322
0 0 0 1 241 2333
0 0 0 1 242 2378
0 0 0 1 243 2446
0 0 0 1 244 2520
0 0 0 1 245 2530
0 0 0 1 246 2535
0 0 0 1 247 2573
0 0 0 1 248 2595
0 0 0 1 249 2598
0 0 0 1 250 2627
0 0 0 1 251 2662
0 0 0 1 252 2719
0 0 0 1 253 2757
0 0 0 1 254 2778
0 0 0 1 255 2844
0 0 0 1 128 1895
0 0 0 1 129 1938
0 0 0 1 130 1950
0 0 0 1 131 2063
0 0 0 1 132 2093
0 0 0 1 133 2312
0 0 0 1 134 2326
0 0 0 1 135 2350
0 0 0 1 136 2388
0 0 0 1 137 2429
0 0 0 1 138 2487
0 0 0 1 139 2490
0 0 0 1 140 2540
0 0 0 1 141 2547
0 0 0 1 142 2602
0 0 0 1 143 2608
0 0 0 1 144 2625
0 0 0 1 145 2667
0 0 0 1 146 2670
0 0 0 1 147 2701
0 0 0 1 148 2729
0 0 0 1 149 2769
0 0 0 1 150 2809
0 0 0 1 151 2819
0 0 0 1 152 2948
0 0 0 1 153 2981
0 0 0 1 154 2996
0 0 0 1 155 3026
0 0 0 1 156 3110
0 0 0 1 157 3179
0 0 0 1 158 3213
0 0 0 1 159 3221
0 0 0 1 0 1798
0 0 0 1 1 1806
0 0 0 1 2 1807
0 0 0 1 3 1830
0 0 0 1 4 1883
0 0 0 1 5 1912
0 0 0 1 6 2039
0 0 0 1 7 2109
0 0 0 1 8 2187
0 0 0 1 9 2237
0 0 0 1 10 2240
0 0 0 1 11 2338
0 0 0 1 12 2381
0 0 0 1 13 2446
0 0 0 1 14 2461
0 0 0 1 15 2509
0 0 0 1 16 2536
0 0 0 1 17 2551
0 0 0 1 18 2582
0 0 0 1 19 2587
0 0 0 1 20 2610
0 0 0 1 21 2616
0 0 0 1 22 2654
0 0 0 1 23 2694
0 0 0 1 24 2705
0 0 0 1 25 2735
0 0 0 1 26 2737
0 0 0 1 27 2753
0 0 0 1 28 2791
0 0 0 1 29 2836
0 0 0 1 30 2928
0 0 0 1 31 2997
0 0 0 1 160 1467
0 0 0 1 161 1495
0 0 0 1 162 1531
0 0 0 1 163 1570
0 0 0 1 164 1571
0 0 0 1 165 1646
0 0 0 1 166 1683
0 0 0 1 167 1750
0 0 0 1 168 1769
0 0 0 1 169 1841
0 0 0 1 170 1858
0 0 0 1 171 1967
0 0 0 1 172 1989
0 0 0 1 173 2123
0 0 0 1 174 2126
0 0 0 1 175 2128
0 0 0 1 176 2173
0 0 0 1 177 2291
0 0 0 1 178 2327
0 0 0 1 179 2380
0 0 0 1 180 2387
0 0 0 1 181 2406
0 0 0 1 182 2438
0 0 0 1 183 2497
0 0 0 1 184 2567
0 0 0 1 185 2655
0 0 0 1 186 2742
0 0 0 1 187 2781
0 0 0 1 188 2794
0 0 0 1 189 2854
0 0 0 1 190 2863
0 0 0 1 191 2899
0 0 0 1 192 1315
0 0 0 1 193 1317
0 0 0 1 194 1447
0 0 0 1 195 1467
0 0 0 1 196 1538
0 0 0 1 197 1666
0 0 0 1 198 1694
0 0 0 1 199 1719
0 0 0 1 200 1777
0 0 0 1 201 1785
0 0 0 1 202 1804
0 0 0 1 203 1807
0 0 0 1 204 1858
0 0 0 1 205 1879
0 0 0 1 206 1892
0 0 0 1 207 1946
0 0 0 1 208 2083
0 0 0 1 209 2102
0 0 0 1 210 2110
0 0 0 1 211 2212
0 0 0 1 212 2246
0 0 0 1 213 2273
0 0 0 1 214 2335
0 0 0 1 215 2372
0 0 0 1 216 2463
0 0 0 1 217 2612
0 0 0 1 218 2650
0 0 0 1 219 2754
0 0 0 1 220 2759
0 0 0 1 221 2870
0 0 0 1 222 2886
0 0 0 1 223 2968
0 0 0 1 32 1766
0 0 0 1 33 1779
0 0 0 1 34 1957
0 0 0 1 35 2009
0 0 0 1 36 2044
0 0 0 1 37 2061
0 0 0 1 38 2192
0 0 0 1 39 2265
0 0 0 1 40 2272
0 0 0 1 41 2325
0 0 0 1 42 2435
0 0 0 1 43 2481
0 0 0 1 44 2495
0 0 0 1 45 2603
0 0 0 1 46 2678
0 0 0 1 47 2742
0 0 0 1 48 2856
0 0 0 1 49 2865
0 0 0 1 50 2882
0 0 0 1 51 2886
0 0 0 1 52 2902
0 0 0 1 53 3043
0 0 0 1 54 3136
0 0 0 1 55 3278
0 0 0 1 56 3285
0 0 0 1 57 3301
0 0 0 1 58 3344
0 0 0 1 59 3460
0 0 0 1 60 3516
0 0 0 1 61 3540
0 0 0 1 62 3649
0 0 0 1 63 3678
0 0 0 1 64 2169
0 0 0 1 65 2260
0 0 0 1 66 2306
0 0 0 1 67 2343
0 0 0 1 68 2403
0 0 0 1 69 2492
0 0 0 1 70 2521
0 0 0 1 71 2550
0 0 0 1 72 2584
0 0 0 1 73 2619
0 0 0 1 74 2745
0 0 0 1 75 2760
0 0 0 1 76 2830
0 0 0 1 77 2983
0 0 0 1 78 3001
0 0 0 1 79 3004
0 0 0 1 80 3019
0 0 0 1 81 3082
0 0 0 1 82 3235
0 0 0 1 83 3302
0 0 0 1 84 3333
0 0 0 1 85 3371
0 0 0 1 86 3458
0 0 0 1 87 3474
0 0 0 1 88 3502
0 0 0 1 89 3568
0 0 0 1 90 3620
0 0 0 1 91 3678
0 0 0 1 92 3764
0 0 0 1 93 3809
0 0 0 1 94 3860
0 0 0 1 95 3903
1 0 0 1 64 3165
1 0 0 1 65 3166
1 0 0 1 66 3167
1 0 0 1 67 3168
1 0 0 1 68 3169
1 0 0 1 69 3170
1 0 0 1 70 3171
1 0 0 1 71 3172
1 0 0 1 72 3173
1 0 0 1 73 3174
1 0 0 1 74 3175
1 0 0 1 75 3176
1 0 0 1 76 3177
1 0 0 1 77 3178
1 0 0 1 78 3179
1 0 0 1 79 3180
1 0 0 1 80 3181
1 0 0 1 81 3182
1 0 0 1 82 3183
1 0 0 1 83 3184
1 0 0 1 84 3185
1 0 0 1 85 3186
1 0 0 1 86 3187
1 0 0 1 87 3188
1 0 0 1 88 3189
1 0 0 1 89 3190
1 0 0 1 90 3191
1 0 0 1 91 3192
1 0 0 1 92 3193
1 0 0 1 93 3194
1 0 0 1 94 3195
1 0 0 1 95 3196
1 0 0 1 96 3464
1 0 0 1 97 3465
1 0 0 1 98 3466
1 0 0 1 99 3467
1 0 0 1 100 3468
1 0 0 1 101 3469
1 0 0 1 102 3470
1 0 0 1 103 3471
1 0 0 1 104 3472
1 0 0 1 105 3473
1 0 0 1 106 3474
1 0 0 1 107 3475
1 0 0 1 108 3476
1 0 0 1 109 3477
1 0 0 1 110 3478
1 0 0 1 111 3479
1 0 0 1 112 3480
1 0 0 1 113 3481
1 0 0 1 114 3482
1 0 0 1 115 3483
1 0 0 1 116 3484
1 0 0 1 117 3485
1 0 0 1 118 3486
1 0 0 1 119 3487
1 0 0 1 120 3488
1 0 0 1 121 3489
1 0 0 1 122 3490
1 0 0 1 123 3491
1 0 0 1 124 3492
1 0 0 1 125 3493
1 0 0 1 126 3494
1 0 0 1 127 3495
1 0 0 1 192 4431
1 0 0 1 193 4432
1 0 0 1 194 4433
1 0 0 1 195 4434
1 0 0 1 196 4435
1 0 0 1 197 4436
1 0 0 1 198 4437
1 0 0 1 199 4438
1 0 0 1 200 4439
1 0 0 1 201 4440
1 0 0 1 202 4441
1 0 0 1 203 4442
1 0 0 1 204 4443
1 0 0 1 205 4444
1 0 0 1 206 4445
1 0 0 1 207 4446
1 0 0 1 208 4447
1 0 0 1 209 4448
1 0 0 1 210 4449
1 0 0 1 211 4450
1 0 0 1 212 4451
1 0 0 1 213 4452
1 0 0 1 214 4453
1 0 0 1 215 4454
1 0 0 1 216 4455
1 0 0 1 217 4456
1 0 0 1 218 4457
1 0 0 1 219 4458
1 0 0 1 220 4459
1 0 0 1 221 4460
1 0 0 1 222 4461
1 0 0 1 223 4462
1 0 0 1 0 2559
1 0 0 1 1 2560
1 0 0 1 2 2561
1 0 0 1 3 2562
1 0 0 1 4 2563
1 0 0 1 5 2564
1 0 0 1 6 2565
1 0 0 1 7 2566
1 0 0 1 8 2567
1 0 0 1 9 2568
1 0 0 1 10 2569
1 0 0 1 11 2570
1 0 0 1 12 2571
1 0 0 1 13 2572
1 0 0 1 14 2573
1 0 0 1 15 2574
1 0 0 1 16 2575
1 0 0 1 17 2576
1 0 0 1 18 2577
1 0 0 1 19 2578
1 0 0 1 20 2579
1 0 0 1 21 2580
1 0 0 1 22 2581
1 0 0 1 23 2582
1 0 0 1 24 2583
1 0 0 1 25 2584
1 0 0 1 26 2585
1 0 0 1 27 2586
1 0 0 1 28 2587
1 0 0 1 29 2588
1 0 0 1 30 2589
1 0 0 1 31 2590
1 0 0 1 224 4764
1 0 0 1 225 4765
1 0 0 1 226 4766
1 0 0 1 227 4767
1 0 0 1 228 4768
1 0 0 1 229 4769
1 0 0 1 230 4770
1 0 0 1 231 4771
1 0 0 1 232 4772
1 0 0 1 233 4773
1 0 0 1 234 4774
1 0 0 1 235 4775
1 0 0 1 236 4776
1 0 0 1 237 4777
1 0 0 1 238 4778
1 0 0 1 239 4779
1 0 0 1 240 4780
1 0 0 1 241 4781
1 0 0 1 242 4782
1 0 0 1 243 4783
1 0 0 1 244 4784
1 0 0 1 245 4785
1 0 0 1 246 4786
1 0 0 1 247 4787
1 0 0 1 248 4788
1 0 0 1 249 4789
1 0 0 1 250 4790
1 0 0 1 251 4791
1 0 0 1 252 4792
1 0 0 1 253 4793
1 0 0 1 254 4794
1 0 0 1 255 4795
1 0 0 1 128 3784
1 0 0 1 129 3785
1 0 0 1 130 3786
1 0 0 1 131 3787
1 0 0 1 132 3788
1 0 0 1 133 3789
1 0 0 1 134 3790
1 0 0 1 135 3791
1 0 0 1 136 3792
1 0 0 1 137 3793
1 0 0 1 138 3794
1 0 0 1 139 3795
1 0 0 1 140 3796
1 0 0 1 141 3797
1 0 0 1 142 3798
1 0 0 1 143 3799
1 0 0 1 144 3800
1 0 0 1 145 3801
1 0 0 1 146 3802
1 0 0 1 147 3803
1 0 0 1 148 3804
1 0 0 1 149 3805
1 0 0 1 150 3806
1 0 0 1 151 3807
1 0 0 1 152 3808
1 0 0 1 153 3809
1 0 0 1 154 3810
1 0 0 1 155 3811
1 0 0 1 156 3812
1 0 0 1 157 3813
1 0 0 1 158 3814
1 0 0 1 159 3815
1 0 0 1 160 4119
1 0 0 1 161 4120
1 0 0 1 162 4121
1 0 0 1 163 4122
1 0 0 1 164 4123
1 0 0 1 165 4124
1 0 0 1 166 4125
1 0 0 1 167 4126
1 0 0 1 168 4127
1 0 0 1 169 4128
1 0 0 1 170 4129
1 0 0 1 171 4130
1 0 0 1 172 4131
1 0 0 1 173 4132
1 0 0 1 174 4133
1 0 0 1 175 4134
1 0 0 1 176 4135
1 0 0 1 177 4136
1 0 0 1 178 4137
1 0 0 1 179 4138
1 0 0 1 180 4139
1 0 0 1 181 4140
1 0 0 1 182 4141
1 0 0 1 183 4142
1 0 0 1 184 4143
1 0 0 1 185 4144
1 0 0 1 186 4145
1 0 0 1 187 4146
1 0 0 1 188 4147
1 0 0 1 189 4148
1 0 0 1 190 4149
1 0 0 1 191 4150
1 0 0 1 32 2857
1 0 0 1 33 2858
1 0 0 1 34 2859
1 0 0 1 35 2860
1 0 0 1 36 2861
1 0 0 1 37 2862
1 0 0 1 38 2863
1 0 0 1 39 2864
1 0 0 1 40 2865
1 0 0 1 41 2866
1 0 0 1 42 2867
1 0 0 1 43 2868
1 0 0 1 44 2869
1 0 0 1 45 2870
1 0 0 1 46 2871
1 0 0 1 47 2872
1 0 0 1 48 2873
1 0 0 1 49 2874
1 0 0 1 50 2875
1 0 0 1 51 2876
1 0 0 1 52 2877
1 0 0 1 53 2878
1 0 0 1 54 2879
1 0 0 1 55 2880
1 0 0 1 56 2881
1 0 0 1 57 2882
1 0 0 1 58 2883
1 0 0 1 59 2884
1 0 0 1 60 2885
1 0 0 1 61 2886
1 0 0 1 62 2887
1 0 0 1 63 2888
0 0 0 2 224 2874
0 0 0 2 225 2884
0 0 0 2 226 2917
0 0 0 2 227 3383
0 0 0 2 228 3389
0 0 0 2 229 3404
0 0 0 2 230 3433
0 0 0 2 231 3468
0 0 0 2 232 3518
0 0 0 2 233 3573
0 0 0 2 234 3583
0 0 0 2 235 3597
0 0 0 2 236 3696
0 0 0 2 237 3758
0 0 0 2 238 3819
0 0 0 2 239 3825
0 0 0 2 240 3826
0 0 0 2 241 3896
0 0 0 2 242 3934
0 0 0 2 243 3967
0 0 0 2 244 4185
0 0 0 2 245 4274
0 0 0 2 246 4319
0 0 0 2 247 4374
0 0 0 2 248 4495
0 0 0 2 249 4497
0 0 0 2 250 4519
0 0 0 2 251 4546
0 0 0 2 252 4549
0 0 0 2 253 4564
0 0 0 2 254 4638
0 0 0 2 255 4660
0 0 0 2 96 3329
0 0 0 2 97 3362
0 0 0 2 98 3387
0 0 0 2 99 3403
0 0 0 2 100 3409
0 0 0 2 101 3413
0 0 0 2 102 3435
0 0 0 2 103 3540
0 0 0 2 104 3541
0 0 0 2 105 3590
0 0 0 2 106 3615
0 0 0 2 107 3627
0 0 0 2 108 3652
0 0 0 2 109 3664
0 0 0 2 110 3723
0 0 0 2 111 3752
0 0 0 2 112 3793
0 0 0 2 113 3925
0 0 0 2 114 3936
0 0 0 2 115 4020
0 0 0 2 116 4084
0 0 0 2 117 4098
0 0 0 2 118 4135
0 0 0 2 119 4214
0 0 0 2 120 4220
0 0 0 2 121 4223
0 0 0 2 122 4233
0 0 0 2 123 4321
0 0 0 2 124 4332
0 0 0 2 125 4508
0 0 0 2 126 4558
0 0 0 2 127 4560
0 0 0 2 64 3918
0 0 0 2 65 3931
0 0 0 2 66 3978
0 0 0 2 67 3992
0 0 0 2 68 4095
0 0 0 2 69 4278
0 0 0 2 70 4300
0 0 0 2 71 4322
0 0 0 2 72 4436
0 0 0 2 73 4438
0 0 0 2 74 4509
0 0 0 2 75 4566
0 0 0 2 76 4583
0 0 0 2 77 4612
0 0 0 2 78 4736
0 0 0 2 79 4757
0 0 0 2 80 4778
0 0 0 2 81 4810
0 0 0 2 82 4962
0 0 0 2 83 4982
0 0 0 2 84 4993
0 0 0 2 85 5066
0 0 0 2 86 5144
0 0 0 2 87 5258
0 0 0 2 88 5353
0 0 0 2 89 5361
0 0 0 2 90 5368
0 0 0 2 91 5470
0 0 0 2 92 5528
0 0 0 2 93 5543
0 0 0 2 94 5588
0 0 0 2 95 5624
0 0 0 2 192 3179
0 0 0 2 193 3188
0 0 0 2 194 3195
0 0 0 2 195 3206
0 0 0 2 196 3268
0 0 0 2 197 3381
0 0 0 2 198 3391
0 0 0 2 199 3443
0 0 0 2 200 3465
0 0 0 2 201 3489
0 0 0 2 202 3500
0 0 0 2 203 3515
0 0 0 2 204 3540
0 0 0 2 205 3613
0 0 0 2 206 3698
0 0 0 2 207 3752
0 0 0 2 208 3764
0 0 0 2 209 3825
0 0 0 2 210 3848
0 0 0 2 211 3862
0 0 0 2 212 3891
0 0 0 2 213 3928
0 0 0 2 214 3992
0 0 0 2 215 4000
0 0 0 2 216 4110
0 0 0 2 217 4221
0 0 0 2 218 4245
0 0 0 2 219 4335
0 0 0 2 220 4389
0 0 0 2 221 4416
0 0 0 2 222 4442
0 0 0 2 223 4477
0 0 0 2 0 3033
0 0 0 2 1 3046
0 0 0 2 2 3078
0 0 0 2 3 3109
0 0 0 2 4 3146
0 0 0 2 5 3154
0 0 0 2 6 3198
0 0 0 2 7 3201
0 0 0 2 8 3270
0 0 0 2 9 3296
0 0 0 2 10 3299
0 0 0 2 11 3348
0 0 0 2 12 3405
0 0 0 2 13 3425
0 0 0 2 14 3504
0 0 0 2 15 3521
0 0 0 2 16 3546
0 0 0 2 17 3573
0 0 0 2 18 3592
0 0 0 2 19 3619
0 0 0 2 20 3697
0 0 0 2 21 3702
0 0 0 2 22 3927
0 0 0 2 23 3983
0 0 0 2 24 4013
0 0 0 2 25 4304
0 0 0 2 26 4315
0 0 0 2 27 4330
0 0 0 2 28 4331
0 0 0 2 29 4337
0 0 0 2 30 4373
0 0 0 2 31 4380
0 0 0 2 128 3323
0 0 0 2 129 3334
0 0 0 2 130 3451
0 0 0 2 131 3484
0 0 0 2 132 3529
0 0 0 2 133 3577
0 0 0 2 134 3600
0 0 0 2 135 3611
0 0 0 2 136 3649
0 0 0 2 137 3662
0 0 0 2 138 3691
0 0 0 2 139 3730
0 0 0 2 140 3863
0 0 0 2 141 3867
0 0 0 2 142 3916
0 0 0 2 143 3927
0 0 0 2 144 3983
0 0 0 2 145 4033
0 0 0 2 146 4036
0 0 0 2 147 4048
0 0 0 2 148 4091
0 0 0 2 149 4095
0 0 0 2 150 4162
0 0 0 2 151 4335
0 0 0 2 152 4345
0 0 0 2 153 4358
0 0 0 2 154 4604
0 0 0 2 155 4660
0 0 0 2 156 4780
0 0 0 2 157 4806
0 0 0 2 158 4812
0 0 0 2 159 4914
0 0 0 2 160 2922
0 0 0 2 161 2963
0 0 0 2 162 2970
0 0 0 2 163 3109
0 0 0 2 164 3187
0 0 0 2 165 3239
0 0 0 2 166 3348
0 0 0 2 167 3370
0 0 0 2 168 3441
0 0 0 2 169 3555
0 0 0 2 170 3607
0 0 0 2 171 3681
0 0 0 2 172 3690
0 0 0 2 173 3834
0 0 0 2 174 3842
0 0 0 2 175 3888
0 0 0 2 176 3899
0 0 0 2 177 3917
0 0 0 2 178 3932
0 0 0 2 179 3944
0 0 0 2 180 3959
0 0 0 2 181 4031
0 0 0 2 182 4097
0 0 0 2 183 4124
0 0 0 2 184 4125
0 0 0 2 185 4172
0 0 0 2 186 4314
0 0 0 2 187 4475
0 0 0 2 188 4594
0 0 0 2 189 4625
0 0 0 2 190 4689
0 0 0 2 191 4722
0 0 0 2 32 3719
0 0 0 2 33 3729
0 0 0 2 34 3766
0 0 0 2 35 3767
0 0 0 2 36 3769
0 0 0 2 37 3777
0 0 0 2 38 3791
0 0 0 2 39 3801
0 0 0 2 40 3839
0 0 0 2 41 3863
0 0 0 2 42 3864
0 0 0 2 43 3887
0 0 0 2 44 3903
0 0 0 2 45 3958
0 0 0 2 46 4098
0 0 0 2 47 4122
0 0 0 2 48 4172
0 0 0 2 49 4233
0 0 0 2 50 4271
0 0 0 2 51 4348
0 0 0 2 52 4450
0 0 0 2 53 4461
0 0 0 2 54 4485
0 0 0 2 55 4584
0 0 0 2 56 4598
0 0 0 2 57 4697
0 0 0 2 58 4779
0 0 0 2 59 4833
0 0 0 2 60 4862
0 0 0 2 61 4923
0 0 0 2 62 4976
0 0 0 2 63 5160
1 0 0 2 160 4151
1 0 0 2 161 4152
1 0 0 2 162 4153
1 0 0 2 163 4154
1 0 0 2 164 4155
1 0 0 2 165 4156
1 0 0 2 166 4157
1 0 0 2 167 4158
1 0 0 2 168 4159
1 0 0 2 169 4160
1 0 0 2 170 4161
1 0 0 2 171 4162
1 0 0 2 172 4163
1 0 0 2 173 4164
1 0 0 2 174 4165
1 0 0 2 175 4166
1 0 0 2 176 4167
1 0 0 2 177 4168
1 0 0 2 178 4169
1 0 0 2 179 4170
1 0 0 2 180 4171
1 0 0 2 181 4172
1 0 0 2 182 4173
1 0 0 2 183 4174
1 0 0 2 184 4175
1 0 0 2 185 4176
1 0 0 2 186 4177
1 0 0 2 187 4178
1 0 0 2 188 4179
1 0 0 2 189 4180
1 0 0 2 190 4181
1 0 0 2 191 4182
1 0 0 2 192 4463
1 0 0 2 193 4464
1 0 0 2 194 4465
1 0 0 2 195 4466
1 0 0 2 196 4467
1 0 0 2 197 4468
1 0 0 2 198 4469
1 0 0 2 199 4470
1 0 0 2 200 4471
1 0 0 2 201 4472
1 0 0 2 202 4473
1 0 0 2 203 4474
1 0 0 2 204 4475
1 0 0 2 205 4476
1 0 0 2 206 4477
1 0 0 2 207 4478
1 0 0 2 208 4479
1 0 0 2 209 4480
1 0 0 2 210 4481
1 0 0 2 211 4482
1 0 0 2 212 4483
1 0 0 2 213 4484
1 0 0 2 214 4485
1 0 0 2 215 4486
1 0 0 2 216 4487
1 0 0 2 217 4488
1 0 0 2 218 4489
1 0 0 2 219 4490
1 0 0 2 220 4491
1 0 0 2 221 4492
1 0 0 2 222 4493
1 0 0 2 223 4494
1 0 0 2 32 2889
1 0 0 2 33 2890
1 0 0 2 34 2891
1 0 0 2 35 2892
1 0 0 2 36 2893
1 0 0 2 37 2894
1 0 0 2 38 2895
1 0 0 2 39 2896
1 0 0 2 40 2897
1 0 0 2 41 2898
1 0 0 2 42 2899
1 0 0 2 43 2900
1 0 0 2 44 2901
1 0 0 2 45 2902
1 0 0 2 46 2903
1 0 0 2 47 2904
1 0 0 2 48 2905
1 0 0 2 49 2906
1 0 0 2 50 2907
1 0 0 2 51 2908
1 0 0 2 52 2909
1 0 0 2 53 2910
1 0 0 2 54 2911
1 0 0 2 55 2912
1 0 0 2 56 2913
1 0 0 2 57 2914
1 0 0 2 58 2915
1 0 0 2 59 2916
1 0 0 2 60 2917
1 0 0 2 61 2918
1 0 0 2 62 2919
1 0 0 2 63 2920
1 0 0 2 128 3816
1 0 0 2 129 3817
1 0 0 2 130 3818
1 0 0 2 131 3819
1 0 0 2 132 3820
1 0 0 2 133 3821
1 0 0 2 134 3822
1 0 0 2 135 3823
1 0 0 2 136 3824
1 0 0 2 137 3825
1 0 0 2 138 3826
1 0 0 2 139 3827
1 0 0 2 140 3828
1 0 0 2 141 3829
1 0 0 2 142 3830
1 0 0 2 143 3831
1 0 0 2 144 3832
1 0 0 2 145 3833
1 0 0 2 146 3834
1 0 0 2 147 3835
1 0 0 2 148 3836
1 0 0 2 149 3837
1 0 0 2 150 3838
1 0 0 2 151 3839
1 0 0 2 152 3840
1 0 0 2 153 3841
1 0 0 2 154 3842
1 0 0 2 155 3843
1 0 0 2 156 3844
1 0 0 2 157 3845
1 0 0 2 158 3846
1 0 0 2 159 3847
1 0 0 2 224 4796
1 0 0 2 225 4797
1 0 0 2 226 4798
1 0 0 2 227 4799
1 0 0 2 228 4800
1 0 0 2 229 4801
1 0 0 2 230 4802
1 0 0 2 231 4803
1 0 0 2 232 4804
1 0 0 2 233 4805
1 0 0 2 234 4806
1 0 0 2 235 4807
1 0 0 2 236 4808
1 0 0 2 237 4809
1 0 0 2 238 4810
1 0 0 2 239 4811
1 0 0 2 240 4812
1 0 0 2 241 4813
1 0 0 2 242 4814
1 0 0 2 243 4815
1 0 0 2 244 4816
1 0 0 2 245 4817
1 0 0 2 246 4818
1 0 0 2 247 4819
1 0 0 2 248 4820
1 0 0 2 249 4821
1 0 0 2 250 4822
1 0 0 2 251 4823
1 0 0 2 252 4824
1 0 0 2 253 4825
1 0 0 2 254 4826
1 0 0 2 255 4827
1 0 0 2 0 2591
1 0 0 2 1 2592
1 0 0 2 2 2593
1 0 0 2 3 2594
1 0 0 2 4 2595
1 0 0 2 5 2596
1 0 0 2 6 2597
1 0 0 2 7 2598
1 0 0 2 8 2599
1 0 0 2 9 2600
1 0 0 2 10 2601
1 0 0 2 11 2602
1 0 0 2 12 2603
1 0 0 2 13 2604
1 0 0 2 14 2605
1 0 0 2 15 2606
1 0 0 2 16 2607
1 0 0 2 17 2608
1 0 0 2 18 2609
1 0 0 2 19 2610
1 0 0 2 20 2611
1 0 0 2 21 2612
1 0 0 2 22 2613
1 0 0 2 23 2614
1 0 0 2 24 2615
1 0 0 2 25 2616
1 0 0 2 26 2617
1 0 0 2 27 2618
1 0 0 2 28 2619
1 0 0 2 29 2620
1 0 0 2 30 2621
1 0 0 2 31 2622
1 0 0 2 96 3496
1 0 0 2 97 3497
1 0 0 2 98 3498
1 0 0 2 99 3499
1 0 0 2 100 3500
1 0 0 2 101 3501
1 0 0 2 102 3502
1 0 0 2 103 3503
1 0 0 2 104 3504
1 0 0 2 105 3505
1 0 0 2 106 3506
1 0 0 2 107 3507
1 0 0 2 108 3508
1 0 0 2 109 3509
1 0 0 2 110 3510
1 0 0 2 111 3511
1 0 0 2 112 3512
1 0 0 2 113 3513
1 0 0 2 114 3514
1 0 0 2 115 3515
1 0 0 2 116 3516
1 0 0 2 117 3517
1 0 0 2 118 3518
1 0 0 2 119 3519
1 0 0 2 120 3520
1 0 0 2 121 3521
1 0 0 2 122 3522
1 0 0 2 123 3523
1 0 0 2 124 3524
1 0 0 2 125 3525
1 0 0 2 126 3526
1 0 0 2 127 3527
1 0 0 2 64 3197
1 0 0 2 65 3198
1 0 0 2 66 3199
1 0 0 2 67 3200
1 0 0 2 68 3201
1 0 0 2 69 3202
1 0 0 2 70 3203
1 0 0 2 71 3204
1 0 0 2 72 3205
1 0 0 2 73 3206
1 0 0 2 74 3207
1 0 0 2 75 3208
1 0 0 2 76 3209
1 0 0 2 77 3210
1 0 0 2 78 3211
1 0 0 2 79 3212
1 0 0 2 80 3213
1 0 0 2 81 3214
1 0 0 2 82 3215
1 0 0 2 83 3216
1 0 0 2 84 3217
1 0 0 2 85 3218
1 0 0 2 86 3219
1 0 0 2 87 3220
1 0 0 2 88 3221
1 0 0 2 89 3222
1 0 0 2 90 3223
1 0 0 2 91 3224
1 0 0 2 92 3225
1 0 0 2 93 3226
1 0 0 2 94 3227
1 0 0 2 95 3228
0 0 0 3 192 4488
0 0 0 3 193 4588
0 0 0 3 194 4626
0 0 0 3 195 4684
0 0 0 3 196 4707
0 0 0 3 197 4717
0 0 0 3 198 4721
0 0 0 3 199 4887
0 0 0 3 200 4951
0 0 0 3 201 4995
0 0 0 3 202 5029
0 0 0 3 203 5035
0 0 0 3 204 5036
0 0 0 3 205 5042
0 0 0 3 206 5057
0 0 0 3 207 5087
0 0 0 3 208 5123
0 0 0 3 209 5130
0 0 0 3 210 5258
0 0 0 3 211 5262
0 0 0 3 212 5274
0 0 0 3 213 5302
0 0 0 3 214 5320
0 0 0 3 215 5379
0 0 0 3 216 5392
0 0 0 3 217 5410
0 0 0 3 218 5436
0 0 0 3 219 5442
0 0 0 3 220 5488
0 0 0 3 221 5494
0 0 0 3 222 5499
0 0 0 3 223 5586
0 0 0 3 64 5685
0 0 0 3 65 5686
0 0 0 3 66 5742
0 0 0 3 67 5780
0 0 0 3 68 5807
0 0 0 3 69 5922
0 0 0 3 70 6220
0 0 0 3 71 6225
0 0 0 3 72 6302
0 0 0 3 73 6311
0 0 0 3 74 6350
0 0 0 3 75 6396
0 0 0 3 76 6428
0 0 0 3 77 6444
0 0 0 3 78 6447
0 0 0 3 79 6551
0 0 0 3 80 6671
0 0 0 3 81 6776
0 0 0 3 82 6884
0 0 0 3 83 6887
0 0 0 3 84 7013
0 0 0 3 85 7155
0 0 0 3 86 7199
0 0 0 3 87 7251
0 0 0 3 88 7263
0 0 0 3 89 7290
0 0 0 3 90 7337
0 0 0 3 91 7349
0 0 0 3 92 7362
0 0 0 3 93 7474
0 0 0 3 94 7500
0 0 0 3 95 7521
0 0 0 3 0 4455
0 0 0 3 1 4523
0 0 0 3 2 4535
0 0 0 3 3 4551
0 0 0 3 4 4563
0 0 0 3 5 4582
0 0 0 3 6 4702
0 0 0 3 7 4711
0 0 0 3 8 4735
0 0 0 3 9 4747
0 0 0 3 10 4790
0 0 0 3 11 4834
0 0 0 3 12 4840
0 0 0 3 13 4938
0 0 0 3 14 4969
0 0 0 3 15 5046
0 0 0 3 16 5068
0 0 0 3 17 5141
0 0 0 3 18 5153
0 0 0 3 19 5199
0 0 0 3 20 5233
0 0 0 3 21 5427
0 0 0 3 22 5430
0 0 0 3 23 5460
0 0 0 3 24 5538
0 0 0 3 25 5556
0 0 0 3 26 5631
0 0 0 3 27 5688
0 0 0 3 28 5691
0 0 0 3 29 5716
0 0 0 3 30 5805
0 0 0 3 31 5955
0 0 0 3 128 4929
0 0 0 3 129 4994
0 0 0 3 130 4997
0 0 0 3 131 5036
0 0 0 3 132 5038
0 0 0 3 133 5040
0 0 0 3 134 5069
0 0 0 3 135 5079
0 0 0 3 136 5101
0 0 0 3 137 5145
0 0 0 3 138 5146
0 0 0 3 139 5212
0 0 0 3 140 5251
0 0 0 3 141 5260
0 0 0 3 142 5277
0 0 0 3 143 5390
0 0 0 3 144 5408
0 0 0 3 145 5433
0 0 0 3 146 5541
0 0 0 3 147 5657
0 0 0 3 148 5664
0 0 0 3 149 5672
0 0 0 3 150 5677
0 0 0 3 151 5679
0 0 0 3 152 5856
0 0 0 3 153 5898
0 0 0 3 154 5960
0 0 0 3 155 5965
0 0 0 3 156 6011
0 0 0 3 157 6034
0 0 0 3 158 6086
0 0 0 3 159 6107
0 0 0 3 32 5168
0 0 0 3 33 5169
0 0 0 3 34 5416
0 0 0 3 35 5560
0 0 0 3 36 5640
0 0 0 3 37 5799
0 0 0 3 38 5866
0 0 0 3 39 5867
0 0 0 3 40 5885
0 0 0 3 41 5912
0 0 0 3 42 5925
0 0 0 3 43 6165
0 0 0 3 44 6295
0 0 0 3 45 6356
0 0 0 3 46 6394
0 0 0 3 47 6540
0 0 0 3 48 6637
0 0 0 3 49 6645
0 0 0 3 50 6776
0 0 0 3 51 6799
0 0 0 3 52 6852
0 0 0 3 53 6870
0 0 0 3 54 6907
0 0 0 3 55 7053
0 0 0 3 56 7073
0 0 0 3 57 7110
0 0 0 3 58 7155
0 0 0 3 59 7432
0 0 0 3 60 7439
0 0 0 3 61 7464
0 0 0 3 62 7489
0 0 0 3 63 7517
0 0 0 3 224 4721
0 0 0 3 225 4755
0 0 0 3 226 4788
0 0 0 3 227 4826
0 0 0 3 228 5034
0 0 0 3 229 5035
0 0 0 3 230 5048
0 0 0 3 231 5091
0 0 0 3 232 5131
0 0 0 3 233 5161
0 0 0 3 234 5236
0 0 0 3 235 5250
0 0 0 3 236 5307
0 0 0 3 237 5425
0 0 0 3 238 5522
0 0 0 3 239 5539
0 0 0 3 240 5565
0 0 0 3 241 5577
0 0 0 3 242 5672
0 0 0 3 243 5675
0 0 0 3 244 5731
0 0 0 3 245 5822
0 0 0 3 246 5834
0 0 0 3 247 5835
0 0 0 3 248 5868
0 0 0 3 249 5972
0 0 0 3 250 5973
0 0 0 3 251 6006
0 0 0 3 252 6018
0 0 0 3 253 6025
0 0 0 3 254 6067
0 0 0 3 255 6092
0 0 0 3 96 4570
0 0 0 3 97 4615
0 0 0 3 98 4715
0 0 0 3 99 4742
0 0 0 3 100 5029
0 0 0 3 101 5036
0 0 0 3 102 5140
0 0 0 3 103 5167
0 0 0 3 104 5239
0 0 0 3 105 5240
0 0 0 3 106 5313
0 0 0 3 107 5353
0 0 0 3 108 5355
0 0 0 3 109 5401
0 0 0 3 110 5413
0 0 0 3 111 5430
0 0 0 3 112 5447
0 0 0 3 113 5472
0 0 0 3 114 5552
0 0 0 3 115 5581
0 0 0 3 116 5589
0 0 0 3 117 5635
0 0 0 3 118 5651
0 0 0 3 119 5680
0 0 0 3 120 5681
0 0 0 3 121 5702
0 0 0 3 122 5725
0 0 0 3 123 5809
0 0 0 3 124 5872
0 0 0 3 125 5907
0 0 0 3 126 6039
0 0 0 3 127 6059
0 0 0 3 160 4865
0 0 0 3 161 4904
0 0 0 3 162 4926
0 0 0 3 163 4933
0 0 0 3 164 4937
0 0 0 3 165 4997
0 0 0 3 166 5002
0 0 0 3 167 5038
0 0 0 3 168 5166
0 0 0 3 169 5185
0 0 0 3 170 5204
0 0 0 3 171 5268
0 0 0 3 172 5610
0 0 0 3 173 5654
0 0 0 3 174 5676
0 0 0 3 175 5682
0 0 0 3 176 5706
0 0 0 3 177 5728
0 0 0 3 178 5809
0 0 0 3 179 5813
0 0 0 3 180 5840
0 0 0 3 181 5947
0 0 0 3 182 6023
0 0 0 3 183 6103
0 0 0 3 184 6117
0 0 0 3 185 6196
0 0 0 3 186 6439
0 0 0 3 187 6450
0 0 0 3 188 6470
0 0 0 3 189 6473
0 0 0 3 190 6482
0 0 0 3 191 6564
1 0 0 3 96 3528
1 0 0 3 97 3529
1 0 0 3 98 3530
1 0 0 3 99 3531
1 0 0 3 100 3532
1 0 0 3 101 3533
1 0 0 3 102 3534
1 0 0 3 103 3535
1 0 0 3 104 3536
1 0 0 3 105 3537
1 0 0 3 106 3538
1 0 0 3 107 3539
1 0 0 3 108 3540
1 0 0 3 109 3541
1 0 0 3 110 3542
1 0 0 3 111 3543
1 0 0 3 112 3544
1 0 0 3 113 3545
1 0 0 3 114 3546
1 0 0 3 115 3547
1 0 0 3 116 3548
1 0 0 3 117 3549
1 0 0 3 118 3550
1 0 0 3 119 3551
1 0 0 3 120 3552
1 0 0 3 121 3553
1 0 0 3 122 3554
1 0 0 3 123 3555
1 0 0 3 124 3556
1 0 0 3 125 3557
1 0 0 3 126 3558
1 0 0 3 127 3559
1 0 0 3 160 4183
1 0 0 3 161 4184
1 0 0 3 162 4185
1 0 0 3 163 4186
1 0 0 3 164 4187
1 0 0 3 165 4188
1 0 0 3 166 4189
1 0 0 3 167 4190
1 0 0 3 168 4191
1 0 0 3 169 4192
1 0 0 3 170 4193
1 0 0 3 171 4194
1 0 0 3 172 4195
1 0 0 3 173 4196
1 0 0 3 174 4197
1 0 0 3 175 4198
1 0 0 3 176 4199
1 0 0 3 177 4200
1 0 0 3 178 4201
1 0 0 3 179 4202
1 0 0 3 180 4203
1 0 0 3 181 4204
1 0 0 3 182 4205
1 0 0 3 183 4206
1 0 0 3 184 4207
1 0 0 3 185 4208
1 0 0 3 186 4209
1 0 0 3 187 4210
1 0 0 3 188 4211
1 0 0 3 189 4212
1 0 0 3 190 4213
1 0 0 3 191 4214
1 0 0 3 64 3229
1 0 0 3 65 3230
1 0 0 3 66 3231
1 0 0 3 67 3232
1 0 0 3 68 3233
1 0 0 3 69 3234
1 0 0 3 70 3235
1 0 0 3 71 3236
1 0 0 3 72 3237
1 0 0 3 73 3238
1 0 0 3 74 3239
1 0 0 3 75 3240
1 0 0 3 76 3241
1 0 0 3 77 3242
1 0 0 3 78 3243
1 0 0 3 79 3244
1 0 0 3 80 3245
1 0 0 3 81 3246
1 0 0 3 82 3247
1 0 0 3 83 3248
1 0 0 3 84 3249
1 0 0 3 85 3250
1 0 0 3 86 3251
1 0 0 3 87 3252
1 0 0 3 88 3253
1 0 0 3 89 3254
1 0 0 3 90 3255
1 0 0 3 91 3256
1 0 0 3 92 3257
1 0 0 3 93 3258
1 0 0 3 94 3259
1 0 0 3 95 3260
1 0 0 3 192 4495
1 0 0 3 193 4496
1 0 0 3 194 4497
1 0 0 3 195 4498
1 0 0 3 196 4499
1 0 0 3 197 4500
1 0 0 3 198 4501
1 0 0 3 199 4502
1 0 0 3 200 4503
1 0 0 3 201 4504
1 0 0 3 202 4505
1 0 0 3 203 4506
1 0 0 3 204 4507
1 0 0 3 205 4508
1 0 0 3 206 4509
1 0 0 3 207 4510
1 0 0 3 208 4511
1 0 0 3 209 4512
1 0 0 3 210 4513
1 0 0 3 211 4514
1 0 0 3 212 4515
1 0 0 3 213 4516
1 0 0 3 214 4517
1 0 0 3 215 4518
1 0 0 3 216 4519
1 0 0 3 217 4520
1 0 0 3 218 4521
1 0 0 3 219 4522
1 0 0 3 220 4523
1 0 0 3 221 4524
1 0 0 3 222 4525
1 0 0 3 223 4526
1 0 0 3 32 2921
1 0 0 3 33 2922
1 0 0 3 34 2923
1 0 0 3 35 2924
1 0 0 3 36 2925
1 0 0 3 37 2926
1 0 0 3 38 2927
1 0 0 3 39 2928
1 0 0 3 40 2929
1 0 0 3 41 2930
1 0 0 3 42 2931
1 0 0 3 43 2932
1 0 0 3 44 2933
1 0 0 3 45 2934
1 0 0 3 46 2935
1 0 0 3 47 2936
1 0 0 3 48 2937
1 0 0 3 49 2938
1 0 0 3 50 2939
1 0 0 3 51 2940
1 0 0 3 52 2941
1 0 0 3 53 2942
1 0 0 3 54 2943
1 0 0 3 55 2944
1 0 0 3 56 2945
1 0 0 3 57 2946
1 0 0 3 58 2947
1 0 0 3 59 2948
1 0 0 3 60 2949
1 0 0 3 61 2950
1 0 0 3 62 2951
1 0 0 3 63 2952
1 0 0 3 128 3848
1 0 0 3 129 3849
1 0 0 3 130 3850
1 0 0 3 131 3851
1 0 0 3 132 3852
1 0 0 3 133 3853
1 0 0 3 134 3854
1 0 0 3 135 3855
1 0 0 3 136 3856
1 0 0 3 137 3857
1 0 0 3 138 3858
1 0 0 3 139 3859
1 0 0 3 140 3860
1 0 0 3 141 3861
1 0 0 3 142 3862
1 0 0 3 143 3863
1 0 0 3 144 3864
1 0 0 3 145 3865
1 0 0 3 146 3866
1 0 0 3 147 3867
1 0 0 3 148 3868
1 0 0 3 149 3869
1 0 0 3 150 3870
1 0 0 3 151 3871
1 0 0 3 152 3872
1 0 0 3 153 3873
1 0 0 3 154 3874
1 0 0 3 155 3875
1 0 0 3 156 3876
1 0 0 3 157 3877
1 0 0 3 158 3878
1 0 0 3 159 3879
1 0 0 3 0 2623
1 0 0 3 1 2624
1 0 0 3 2 2625
1 0 0 3 3 2626
1 0 0 3 4 2627
1 0 0 3 5 2628
1 0 0 3 6 2629
1 0 0 3 7 2630
1 0 0 3 8 2631
1 0 0 3 9 2632
1 0 0 3 10 2633
1 0 0 3 11 2634
1 0 0 3 12 2635
1 0 0 3 13 2636
1 0 0 3 14 2637
1 0 0 3 15 2638
1 0 0 3 16 2639
1 0 0 3 17 2640
1 0 0 3 18 2641
1 0 0 3 19 2642
1 0 0 3 20 2643
1 0 0 3 21 2644
1 0 0 3 22 2645
1 0 0 3 23 2646
1 0 0 3 24 2647
1 0 0 3 25 2648
1 0 0 3 26 2649
1 0 0 3 27 2650
1 0 0 3 28 2651
1 0 0 3 29 2652
1 0 0 3 30 2653
1 0 0 3 31 2654
1 0 0 3 224 4828
1 0 0 3 225 4829
1 0 0 3 226 4830
1 0 0 3 227 4831
1 0 0 3 228 4832
1 0 0 3 229 4833
1 0 0 3 230 4834
1 0 0 3 231 4835
1 0 0 3 232 4836
1 0 0 3 233 4837
1 0 0 3 234 4838
1 0 0 3 235 4839
1 0 0 3 236 4840
1 0 0 3 237 4841
1 0 0 3 238 4842
1 0 0 3 239 4843
1 0 0 3 240 4844
1 0 0 3 241 4845
1 0 0 3 242 4846
1 0 0 3 243 4847
1 0 0 3 244 4848
1 0 0 3 245 4849
1 0 0 3 246 4850
1 0 0 3 247 4851
1 0 0 3 248 4852
1 0 0 3 249 4853
1 0 0 3 250 4854
1 0 0 3 251 4855
1 0 0 3 252 4856
1 0 0 3 253 4857
1 0 0 3 254 4858
1 0 0 3 255 4859
0 0 0 4 192 5664
0 0 0 4 193 5736
0 0 0 4 194 5818
0 0 0 4 195 5873
0 0 0 4 196 5886
0 0 0 4 197 5967
0 0 0 4 198 6018
0 0 0 4 199 6043
0 0 0 4 200 6074
0 0 0 4 201 6079
0 0 0 4 202 6095
0 0 0 4 203 6099
0 0 0 4 204 6135
0 0 0 4 205 6155
0 0 0 4 206 6285
0 0 0 4 207 6291
0 0 0 4 208 6294
0 0 0 4 209 6399
0 0 0 4 210 6427
0 0 0 4 211 6503
0 0 0 4 212 6507
0 0 0 4 213 6553
0 0 0 4 214 6561
0 0 0 4 215 6592
0 0 0 4 216 6726
0 0 0 4 217 6847
0 0 0 4 218 6888
0 0 0 4 219 6938
0 0 0 4 220 7024
0 0 0 4 221 7038
0 0 0 4 222 7080
0 0 0 4 223 7091
0 0 0 4 64 7645
0 0 0 4 65 7748
0 0 0 4 66 7750
0 0 0 4 67 7837
0 0 0 4 68 7894
0 0 0 4 69 7908
0 0 0 4 70 7951
0 0 0 4 71 8138
0 0 0 4 72 8213
0 0 0 4 73 8297
0 0 0 4 74 8336
0 0 0 4 75 8422
0 0 0 4 76 8493
0 0 0 4 77 8522
0 0 0 4 78 8585
0 0 0 4 79 8594
0 0 0 4 80 8635
0 0 0 4 81 8657
0 0 0 4 82 8658
0 0 0 4 83 8674
0 0 0 4 84 8678
0 0 0 4 85 8714
0 0 0 4 86 8737
0 0 0 4 87 8774
0 0 0 4 88 8864
0 0 0 4 89 8869
0 0 0 4 90 8870
0 0 0 4 91 8972
0 0 0 4 92 8979
0 0 0 4 93 8981
0 0 0 4 94 9074
0 0 0 4 95 9077
0 0 0 4 96 6068
0 0 0 4 97 6079
0 0 0 4 98 6101
0 0 0 4 99 6125
0 0 0 4 100 6129
0 0 0 4 101 6167
0 0 0 4 102 6209
0 0 0 4 103 6210
0 0 0 4 104 6246
0 0 0 4 105 6262
0 0 0 4 106 6324
0 0 0 4 107 6361
0 0 0 4 108 6365
0 0 0 4 109 6410
0 0 0 4 110 6433
0 0 0 4 111 6488
0 0 0 4 112 6521
0 0 0 4 113 6692
0 0 0 4 114 6726
0 0 0 4 115 7012
0 0 0 4 116 7030
0 0 0 4 117 7052
0 0 0 4 118 7119
0 0 0 4 119 7126
0 0 0 4 120 7161
0 0 0 4 121 7188
0 0 0 4 122 7209
0 0 0 4 123 7220
0 0 0 4 124 7226
0 0 0 4 125 7376
0 0 0 4 126 7388
0 0 0 4 127 7390
0 0 0 4 224 6169
0 0 0 4 225 6174
0 0 0 4 226 6231
0 0 0 4 227 6253
0 0 0 4 228 6275
0 0 0 4 229 6310
0 0 0 4 230 6316
0 0 0 4 231 6392
0 0 0 4 232 6414
0 0 0 4 233 6454
0 0 0 4 234 6486
0 0 0 4 235 6582
0 0 0 4 236 6588
0 0 0 4 237 6600
0 0 0 4 238 6648
0 0 0 4 239 6654
0 0 0 4 240 6741
0 0 0 4 241 6783
0 0 0 4 242 6815
0 0 0 4 243 6824
0 0 0 4 244 6839
0 0 0 4 245 6857
0 0 0 4 246 6950
0 0 0 4 247 6971
0 0 0 4 248 7015
0 0 0 4 249 7082
0 0 0 4 250 7123
0 0 0 4 251 7127
0 0 0 4 252 7145
0 0 0 4 253 7223
0 0 0 4 254 7273
0 0 0 4 255 7282
0 0 0 4 0 5959
0 0 0 4 1 6124
0 0 0 4 2 6146
0 0 0 4 3 6180
0 0 0 4 4 6207
0 0 0 4 5 6223
0 0 0 4 6 6333
0 0 0 4 7 6423
0 0 0 4 8 6453
0 0 0 4 9 6569
0 0 0 4 10 6576
0 0 0 4 11 6704
0 0 0 4 12 6731
0 0 0 4 13 6750
0 0 0 4 14 6822
0 0 0 4 15 6918
0 0 0 4 16 6937
0 0 0 4 17 6946
0 0 0 4 18 7057
0 0 0 4 19 7208
0 0 0 4 20 7298
0 0 0 4 21 7309
0 0 0 4 22 7383
0 0 0 4 23 7417
0 0 0 4 24 7425
0 0 0 4 25 7536
0 0 0 4 26 7603
0 0 0 4 27 7619
0 0 0 4 28 7701
0 0 0 4 29 7778
0 0 0 4 30 7818
0 0 0 4 31 7911
0 0 0 4 160 6582
0 0 0 4 161 6601
0 0 0 4 162 6610
0 0 0 4 163 6695
0 0 0 4 164 6706
0 0 0 4 165 6774
0 0 0 4 166 6797
0 0 0 4 167 6833
0 0 0 4 168 6839
0 0 0 4 169 6910
0 0 0 4 170 6934
0 0 0 4 171 6970
0 0 0 4 172 7050
0 0 0 4 173 7082
0 0 0 4 174 7175
0 0 0 4 175 7177
0 0 0 4 176 7189
0 0 0 4 177 7238
0 0 0 4 178 7296
0 0 0 4 179 7387
0 0 0 4 180 7434
0 0 0 4 181 7465
0 0 0 4 182 7470
0 0 0 4 183 7473
0 0 0 4 184 7474
0 0 0 4 185 7540
0 0 0 4 186 7643
0 0 0 4 187 7666
0 0 0 4 188 7687
0 0 0 4 189 7734
0 0 0 4 190 7860
0 0 0 4 191 8017
0 0 0 4 128 6134
0 0 0 4 129 6154
0 0 0 4 130 6184
0 0 0 4 131 6249
0 0 0 4 132 6253
0 0 0 4 133 6448
0 0 0 4 134 6483
0 0 0 4 135 6527
0 0 0 4 136 6534
0 0 0 4 137 6591
0 0 0 4 138 6631
0 0 0 4 139 6636
0 0 0 4 140 6746
0 0 0 4 141 6805
0 0 0 4 142 6899
0 0 0 4 143 6907
0 0 0 4 144 6918
0 0 0 4 145 6967
0 0 0 4 146 7019
0 0 0 4 147 7104
0 0 0 4 148 7108
0 0 0 4 149 7123
0 0 0 4 150 7218
0 0 0 4 151 7314
0 0 0 4 152 7331
0 0 0 4 153 7459
0 0 0 4 154 7461
0 0 0 4 155 7482
0 0 0 4 156 7488
0 0 0 4 157 7541
0 0 0 4 158 7614
0 0 0 4 159 7632
0 0 0 4 32 7680
0 0 0 4 33 7720
0 0 0 4 34 7833
0 0 0 4 35 7983
0 0 0 4 36 8041
0 0 0 4 37 8047
0 0 0 4 38 8080
0 0 0 4 39 8136
0 0 0 4 40 8144
0 0 0 4 41 8228
0 0 0 4 42 8264
0 0 0 4 43 8438
0 0 0 4 44 8460
0 0 0 4 45 8496
0 0 0 4 46 8531
0 0 0 4 47 8549
0 0 0 4 48 8564
0 0 0 4 49 8620
0 0 0 4 50 8661
0 0 0 4 51 8698
0 0 0 4 52 8721
0 0 0 4 53 8752
0 0 0 4 54 8792
0 0 0 4 55 8854
0 0 0 4 56 8922
0 0 0 4 57 8993
0 0 0 4 58 9036
0 0 0 4 59 9161
0 0 0 4 60 9221
0 0 0 4 61 9273
0 0 0 4 62 9326
0 0 0 4 63 9360
1 0 0 4 32 2953
1 0 0 4 33 2954
1 0 0 4 34 2955
1 0 0 4 35 2956
1 0 0 4 36 2957
1 0 0 4 37 2958
1 0 0 4 38 2959
1 0 0 4 39 2960
1 0 0 4 40 2961
1 0 0 4 41 2962
1 0 0 4 42 2963
1 0 0 4 43 2964
1 0 0 4 44 2965
1 0 0 4 45 2966
1 0 0 4 46 2967
1 0 0 4 47 2968
1 0 0 4 48 2969
1 0 0 4 49 2970
1 0 0 4 50 2971
1 0 0 4 51 2972
1 0 0 4 52 2973
1 0 0 4 53 2974
1 0 0 4 54 2975
1 0 0 4 55 2976
1 0 0 4 56 2977
1 0 0 4 57 2978
1 0 0 4 58 2979
1 0 0 4 59 2980
1 0 0 4 60 2981
1 0 0 4 61 2982
1 0 0 4 62 2983
1 0 0 4 63 2984
1 0 0 4 128 3880
1 0 0 4 129 3881
1 0 0 4 130 3882
1 0 0 4 131 3883
1 0 0 4 132 3884
1 0 0 4 133 3885
1 0 0 4 134 3886
1 0 0 4 135 3887
1 0 0 4 136 3888
1 0 0 4 137 3889
1 0 0 4 138 3890
1 0 0 4 139 3891
1 0 0 4 140 3892
1 0 0 4 141 3893
1 0 0 4 142 3894
1 0 0 4 143 3895
1 0 0 4 144 3896
1 0 0 4 145 3897
1 0 0 4 146 3898
1 0 0 4 147 3899
1 0 0 4 148 3900
1 0 0 4 149 3901
1 0 0 4 150 3902
1 0 0 4 151 3903
1 0 0 4 152 3904
1 0 0 4 153 3905
1 0 0 4 154 3906
1 0 0 4 155 3907
1 0 0 4 156 3908
1 0 0 4 157 3909
1 0 0 4 158 3910
1 0 0 4 159 3911
1 0 0 4 0 2655
1 0 0 4 1 2656
1 0 0 4 2 2657
1 0 0 4 3 2658
1 0 0 4 4 2659
1 0 0 4 5 2660
1 0 0 4 6 2661
1 0 0 4 7 2662
1 0 0 4 8 2663
1 0 0 4 9 2664
1 0 0 4 10 2665
1 0 0 4 11 2666
1 0 0 4 12 2667
1 0 0 4 13 2668
1 0 0 4 14 2669
1 0 0 4 15 2670
1 0 0 4 16 2671
1 0 0 4 17 2672
1 0 0 4 18 2673
1 0 0 4 19 2674
1 0 0 4 20 2675
1 0 0 4 21 2676
1 0 0 4 22 2677
1 0 0 4 23 2678
1 0 0 4 24 2679
1 0 0 4 25 2680
1 0 0 4 26 2681
1 0 0 4 27 2682
1 0 0 4 28 2683
1 0 0 4 29 2684
1 0 0 4 30 2685
1 0 0 4 31 2686
1 0 0 4 64 3261
1 0 0 4 65 3262
1 0 0 4 66 3263
1 0 0 4 67 3264
1 0 0 4 68 3265
1 0 0 4 69 3266
1 0 0 4 70 3267
1 0 0 4 71 3268
1 0 0 4 72 3269
1 0 0 4 73 3270
1 0 0 4 74 3271
1 0 0 4 75 3272
1 0 0 4 76 3273
1 0 0 4 77 3274
1 0 0 4 78 3275
1 0 0 4 79 3276
1 0 0 4 80 3277
1 0 0 4 81 3278
1 0 0 4 82 3279
1 0 0 4 83 3280
1 0 0 4 84 3281
1 0 0 4 85 3282
1 0 0 4 86 3283
1 0 0 4 87 3284
1 0 0 4 88 3285
1 0 0 4 89 3286
1 0 0 4 90 3287
1 0 0 4 91 3288
1 0 0 4 92 3289
1 0 0 4 93 3290
1 0 0 4 94 3291
1 0 0 4 95 3292
1 0 0 4 96 3560
1 0 0 4 97 3561
1 0 0 4 98 3562
1 0 0 4 99 3563
1 0 0 4 100 3564
1 0 0 4 101 3565
1 0 0 4 102 3566
1 0 0 4 103 3567
1 0 0 4 104 3568
1 0 0 4 105 3569
1 0 0 4 106 3570
1 0 0 4 107 3571
1 0 0 4 108 3572
1 0 0 4 109 3573
1 0 0 4 110 3574
1 0 0 4 111 3575
1 0 0 4 112 3576
1 0 0 4 113 3577
1 0 0 4 114 3578
1 0 0 4 115 3579
1 0 0 4 116 3580
1 0 0 4 117 3581
1 0 0 4 118 3582
1 0 0 4 119 3583
1 0 0 4 120 3584
1 0 0 4 121 3585
1 0 0 4 122 3586
1 0 0 4 123 3587
1 0 0 4 124 3588
1 0 0 4 125 3589
1 0 0 4 126 3590
1 0 0 4 127 3591
1 0 0 4 192 4527
1 0 0 4 193 4528
1 0 0 4 194 4529
1 0 0 4 195 4530
1 0 0 4 196 4531
1 0 0 4 197 4532
1 0 0 4 198 4533
1 0 0 4 199 4534
1 0 0 4 200 4535
1 0 0 4 201 4536
1 0 0 4 202 4537
1 0 0 4 203 4538
1 0 0 4 204 4539
1 0 0 4 205 4540
1 0 0 4 206 4541
1 0 0 4 207 4542
1 0 0 4 208 4543
1 0 0 4 209 4544
1 0 0 4 210 4545
1 0 0 4 211 4546
1 0 0 4 212 4547
1 0 0 4 213 4548
1 0 0 4 214 4549
1 0 0 4 215 4550
1 0 0 4 216 4551
1 0 0 4 217 4552
1 0 0 4 218 4553
1 0 0 4 219 4554
1 0 0 4 220 4555
1 0 0 4 221 4556
1 0 0 4 222 4557
1 0 0 4 223 4558
1 0 0 4 224 4860
1 0 0 4 225 4861
1 0 0 4 226 4862
1 0 0 4 227 4863
1 0 0 4 228 4864
1 0 0 4 229 4865
1 0 0 4 230 4866
1 0 0 4 231 4867
1 0 0 4 232 4868
1 0 0 4 233 4869
1 0 0 4 234 4870
1 0 0 4 235 4871
1 0 0 4 236 4872
1 0 0 4 237 4873
1 0 0 4 238 4874
1 0 0 4 239 4875
1 0 0 4 240 4876
1 0 0 4 241 4877
1 0 0 4 242 4878
1 0 0 4 243 4879
1 0 0 4 244 4880
1 0 0 4 245 4881
1 0 0 4 246 4882
1 0 0 4 247 4883
1 0 0 4 248 4884
1 0 0 4 249 4885
1 0 0 4 250 4886
1 0 0 4 251 4887
1 0 0 4 252 4888
1 0 0 4 253 4889
1 0 0 4 254 4890
1 0 0 4 255 4891
1 0 0 4 160 4215
1 0 0 4 161 4216
1 0 0 4 162 4217
1 0 0 4 163 4218
1 0 0 4 164 4219
1 0 0 4 165 4220
1 0 0 4 166 4221
1 0 0 4 167 4222
1 0 0 4 168 4223
1 0 0 4 169 4224
1 0 0 4 170 4225
1 0 0 4 171 4226
1 0 0 4 172 4227
1 0 0 4 173 4228
1 0 0 4 174 4229
1 0 0 4 175 4230
1 0 0 4 176 4231
1 0 0 4 177 4232
1 0 0 4 178 4233
1 0 0 4 179 4234
1 0 0 4 180 4235
1 0 0 4 181 4236
1 0 0 4 182 4237
1 0 0 4 183 4238
1 0 0 4 184 4239
1 0 0 4 185 4240
1 0 0 4 186 4241
1 0 0 4 187 4242
1 0 0 4 188 4243
1 0 0 4 189 4244
1 0 0 4 190 4245
1 0 0 4 191 4246
0 0 0 5 64 9139
0 0 0 5 65 9194
0 0 0 5 66 9225
0 0 0 5 67 9238
0 0 0 5 68 9240
0 0 0 5 69 9260
0 0 0 5 70 9282
0 0 0 5 71 9410
0 0 0 5 72 9484
0 0 0 5 73 9503
0 0 0 5 74 9559
0 0 0 5 75 9564
0 0 0 5 76 9586
0 0 0 5 77 9598
0 0 0 5 78 9661
0 0 0 5 79 9860
0 0 0 5 80 9865
0 0 0 5 81 9874
0 0 0 5 82 9955
0 0 0 5 83 9964
0 0 0 5 84 10071
0 0 0 5 85 10105
0 0 0 5 86 10196
0 0 0 5 87 10280
0 0 0 5 88 10305
0 0 0 5 89 10315
0 0 0 5 90 10335
0 0 0 5 91 10509
0 0 0 5 92 10511
0 0 0 5 93 10538
0 0 0 5 94 10540
0 0 0 5 95 10560
0 0 0 5 192 7119
0 0 0 5 193 7125
0 0 0 5 194 7129
0 0 0 5 195 7151
0 0 0 5 196 7175
0 0 0 5 197 7268
0 0 0 5 198 7321
0 0 0 5 199 7335
0 0 0 5 200 7464
0 0 0 5 201 7482
0 0 0 5 202 7505
0 0 0 5 203 7545
0 0 0 5 204 7584
0 0 0 5 205 7592
0 0 0 5 206 7594
0 0 0 5 207 7629
0 0 0 5 208 7661
0 0 0 5 209 7664
0 0 0 5 210 7671
0 0 0 5 211 7754
0 0 0 5 212 7819
0 0 0 5 213 7833
0 0 0 5 214 7881
0 0 0 5 215 7909
0 0 0 5 216 7927
0 0 0 5 217 7933
0 0 0 5 218 7984
0 0 0 5 219 8002
0 0 0 5 220 8015
0 0 0 5 221 8033
0 0 0 5 222 8126
0 0 0 5 223 8157
0 0 0 5 0 7998
0 0 0 5 1 8104
0 0 0 5 2 8143
0 0 0 5 3 8175
0 0 0 5 4 8261
0 0 0 5 5 8280
0 0 0 5 6 8295
0 0 0 5 7 8360
0 0 0 5 8 8401
0 0 0 5 9 8425
0 0 0 5 10 8469
0 0 0 5 11 8478
0 0 0 5 12 8495
0 0 0 5 13 8531
0 0 0 5 14 8662
0 0 0 5 15 8720
0 0 0 5 16 8746
0 0 0 5 17 8750
0 0 0 5 18 8811
0 0 0 5 19 8923
0 0 0 5 20 8941
0 0 0 5 21 9074
0 0 0 5 22 9128
0 0 0 5 23 9142
0 0 0 5 24 9152
0 0 0 5 25 9161
0 0 0 5 26 9236
0 0 0 5 27 9246
0 0 0 5 28 9265
0 0 0 5 29 9299
0 0 0 5 30 9311
0 0 0 5 31 9355
0 0 0 5 160 8131
0 0 0 5 161 8132
0 0 0 5 162 8204
0 0 0 5 163 8214
0 0 0 5 164 8250
0 0 0 5 165 8285
0 0 0 5 166 8322
0 0 0 5 167 8371
0 0 0 5 168 8404
0 0 0 5 169 8413
0 0 0 5 170 8471
0 0 0 5 171 8509
0 0 0 5 172 8548
0 0 0 5 173 8607
0 0 0 5 174 8665
0 0 0 5 175 8764
0 0 0 5 176 8830
0 0 0 5 177 8879
0 0 0 5 178 8904
0 0 0 5 179 9031
0 0 0 5 180 9121
0 0 0 5 181 9246
0 0 0 5 182 9279
0 0 0 5 183 9401
0 0 0 5 184 9432
0 0 0 5 185 9498
0 0 0 5 186 9646
0 0 0 5 187 9778
0 0 0 5 188 9875
0 0 0 5 189 9927
0 0 0 5 190 9959
0 0 0 5 191 9967
0 0 0 5 32 9428
0 0 0 5 33 9450
0 0 0 5 34 9462
0 0 0 5 35 9541
0 0 0 5 36 9663
0 0 0 5 37 9715
0 0 0 5 38 9733
0 0 0 5 39 9836
0 0 0 5 40 9857
0 0 0 5 41 10009
0 0 0 5 42 10050
0 0 0 5 43 10093
0 0 0 5 44 10099
0 0 0 5 45 10328
0 0 0 5 46 10337
0 0 0 5 47 10377
0 0 0 5 48 10402
0 0 0 5 49 10408
0 0 0 5 50 10562
0 0 0 5 51 10574
0 0 0 5 52 10651
0 0 0 5 53 10672
0 0 0 5 54 10680
0 0 0 5 55 10692
0 0 0 5 56 10714
0 0 0 5 57 10731
0 0 0 5 58 10823
0 0 0 5 59 10840
0 0 0 5 60 10898
0 0 0 5 61 10919
0 0 0 5 62 10943
0 0 0 5 63 10972
0 0 0 5 128 7644
0 0 0 5 129 7678
0 0 0 5 130 7785
0 0 0 5 131 7830
0 0 0 5 132 7869
0 0 0 5 133 7895
0 0 0 5 134 7913
0 0 0 5 135 7937
0 0 0 5 136 7993
0 0 0 5 137 8066
0 0 0 5 138 8069
0 0 0 5 139 8072
0 0 0 5 140 8219
0 0 0 5 141 8239
0 0 0 5 142 8288
0 0 0 5 143 8290
0 0 0 5 144 8296
0 0 0 5 145 8313
0 0 0 5 146 8341
0 0 0 5 147 8436
0 0 0 5 148 8464
0 0 0 5 149 8467
0 0 0 5 150 8510
0 0 0 5 151 8519
0 0 0 5 152 8559
0 0 0 5 153 8574
0 0 0 5 154 8586
0 0 0 5 155 8613
0 0 0 5 156 8689
0 0 0 5 157 8690
0 0 0 5 158 8785
0 0 0 5 159 8809
0 0 0 5 96 7391
0 0 0 5 97 7433
0 0 0 5 98 7458
0 0 0 5 99 7465
0 0 0 5 100 7481
0 0 0 5 101 7497
0 0 0 5 102 7607
0 0 0 5 103 7708
0 0 0 5 104 7711
0 0 0 5 105 7755
0 0 0 5 106 7794
0 0 0 5 107 7817
0 0 0 5 108 7884
0 0 0 5 109 7940
0 0 0 5 110 8079
0 0 0 5 111 8105
0 0 0 5 112 8217
0 0 0 5 113 8639
0 0 0 5 114 8678
0 0 0 5 115 8695
0 0 0 5 116 8756
0 0 0 5 117 8796
0 0 0 5 118 8811
0 0 0 5 119 8852
0 0 0 5 120 8874
0 0 0 5 121 8931
0 0 0 5 122 8939
0 0 0 5 123 8944
0 0 0 5 124 8956
0 0 0 5 125 9016
0 0 0 5 126 9039
0 0 0 5 127 9043
0 0 0 5 224 7409
0 0 0 5 225 7449
0 0 0 5 226 7488
0 0 0 5 227 7493
0 0 0 5 228 7507
0 0 0 5 229 7528
0 0 0 5 230 7649
0 0 0 5 231 7661
0 0 0 5 232 7742
0 0 0 5 233 7785
0 0 0 5 234 7790
0 0 0 5 235 7854
0 0 0 5 236 7865
0 0 0 5 237 7921
0 0 0 5 238 8033
0 0 0 5 239 8262
0 0 0 5 240 8281
0 0 0 5 241 8321
0 0 0 5 242 8346
0 0 0 5 243 8411
0 0 0 5 244 8428
0 0 0 5 245 8489
0 0 0 5 246 8500
0 0 0 5 247 8525
0 0 0 5 248 8552
0 0 0 5 249 8554
0 0 0 5 250 8570
0 0 0 5 251 8664
0 0 0 5 252 8709
0 0 0 5 253 8724
0 0 0 5 254 8735
0 0 0 5 255 8826
1 0 0 5 32 2985
1 0 0 5 33 2986
1 0 0 5 34 2987
1 0 0 5 35 2988
1 0 0 5 36 2989
1 0 0 5 37 2990
1 0 0 5 38 2991
1 0 0 5 39 2992
1 0 0 5 40 2993
1 0 0 5 41 2994
1 0 0 5 42 2995
1 0 0 5 43 2996
1 0 0 5 44 2997
1 0 0 5 45 2998
1 0 0 5 46 2999
1 0 0 5 47 3000
1 0 0 5 48 3001
1 0 0 5 49 3002
1 0 0 5 50 3003
1 0 0 5 51 3004
1 0 0 5 52 3005
1 0 0 5 53 3006
1 0 0 5 54 3007
1 0 0 5 55 3008
1 0 0 5 56 3009
1 0 0 5 57 3010
1 0 0 5 58 3011
1 0 0 5 59 3012
1 0 0 5 60 3013
1 0 0 5 61 3014
1 0 0 5 62 3015
1 0 0 5 63 3016
1 0 0 5 64 3293
1 0 0 5 65 3294
1 0 0 5 66 3295
1 0 0 5 67 3296
1 0 0 5 68 3297
1 0 0 5 69 3298
1 0 0 5 70 3299
1 0 0 5 71 3300
1 0 0 5 72 3301
1 0 0 5 73 3302
1 0 0 5 74 3303
1 0 0 5 75 3304
1 0 0 5 76 3305
1 0 0 5 77 3306
1 0 0 5 78 3307
1 0 0 5 79 3308
1 0 0 5 80 3309
1 0 0 5 81 3310
1 0 0 5 82 3311
1 0 0 5 83 3312
1 0 0 5 84 3313
1 0 0 5 85 3314
1 0 0 5 86 3315
1 0 0 5 87 3316
1 0 0 5 88 3317
1 0 0 5 89 3318
1 0 0 5 90 3319
1 0 0 5 91 3320
1 0 0 5 92 3321
1 0 0 5 93 3322
1 0 0 5 94 3323
1 0 0 5 95 3324
1 0 0 5 128 3912
1 0 0 5 129 3913
1 0 0 5 130 3914
1 0 0 5 131 3915
1 0 0 5 132 3916
1 0 0 5 133 3917
1 0 0 5 134 3918
1 0 0 5 135 3919
1 0 0 5 136 3920
1 0 0 5 137 3921
1 0 0 5 138 3922
1 0 0 5 139 3923
1 0 0 5 140 3924
1 0 0 5 141 3925
1 0 0 5 142 3926
1 0 0 5 143 3927
1 0 0 5 144 3928
1 0 0 5 145 3929
1 0 0 5 146 3930
1 0 0 5 147 3931
1 0 0 5 148 3932
1 0 0 5 149 3933
1 0 0 5 150 3934
1 0 0 5 151 3935
1 0 0 5 152 3936
1 0 0 5 153 3937
1 0 0 5 154 3938
1 0 0 5 155 3939
1 0 0 5 156 3940
1 0 0 5 157 3941
1 0 0 5 158 3942
1 0 0 5 159 3943
1 0 0 5 192 4559
1 0 0 5 193 4560
1 0 0 5 194 4561
1 0 0 5 195 4562
1 0 0 5 196 4563
1 0 0 5 197 4564
1 0 0 5 198 4565
1 0 0 5 199 4566
1 0 0 5 200 4567
1 0 0 5 201 4568
1 0 0 5 202 4569
1 0 0 5 203 4570
1 0 0 5 204 4571
1 0 0 5 205 4572
1 0 0 5 206 4573
1 0 0 5 207 4574
1 0 0 5 208 4575
1 0 0 5 209 4576
1 0 0 5 210 4577
1 0 0 5 211 4578
1 0 0 5 212 4579
1 0 0 5 213 4580
1 0 0 5 214 4581
1 0 0 5 215 4582
1 0 0 5 216 4583
1 0 0 5 217 4584
1 0 0 5 218 4585
1 0 0 5 219 4586
1 0 0 5 220 4587
1 0 0 5 221 4588
1 0 0 5 222 4589
1 0 0 5 223 4590
1 0 0 5 0 2687
1 0 0 5 1 2688
1 0 0 5 2 2689
1 0 0 5 3 2690
1 0 0 5 4 2691
1 0 0 5 5 2692
1 0 0 5 6 2693
1 0 0 5 7 2694
1 0 0 5 8 2695
1 0 0 5 9 2696
1 0 0 5 10 2697
1 0 0 5 11 2698
1 0 0 5 12 2699
1 0 0 5 13 2700
1 0 0 5 14 2701
1 0 0 5 15 2702
1 0 0 5 16 2703
1 0 0 5 17 2704
1 0 0 5 18 2705
1 0 0 5 19 2706
1 0 0 5 20 2707
1 0 0 5 21 2708
1 0 0 5 22 2709
1 0 0 5 23 2710
1 0 0 5 24 2711
1 0 0 5 25 2712
1 0 0 5 26 2713
1 0 0 5 27 2714
1 0 0 5 28 2715
1 0 0 5 29 2716
1 0 0 5 30 2717
1 0 0 5 31 2718
1 0 0 5 224 4892
1 0 0 5 225 4893
1 0 0 5 226 4894
1 0 0 5 227 4895
1 0 0 5 228 4896
1 0 0 5 229 4897
1 0 0 5 230 4898
1 0 0 5 231 4899
1 0 0 5 232 4900
1 0 0 5 233 4901
1 0 0 5 234 4902
1 0 0 5 235 4903
1 0 0 5 236 4904
1 0 0 5 237 4905
1 0 0 5 238 4906
1 0 0 5 239 4907
1 0 0 5 240 4908
1 0 0 5 241 4909
1 0 0 5 242 4910
1 0 0 5 243 4911
1 0 0 5 244 4912
1 0 0 5 245 4913
1 0 0 5 246 4914
1 0 0 5 247 4915
1 0 0 5 248 4916
1 0 0 5 249 4917
1 0 0 5 250 4918
1 0 0 5 251 4919
1 0 0 5 252 4920
1 0 0 5 253 4921
1 0 0 5 254 4922
1 0 0 5 255 4923
1 0 0 5 96 3592
1 0 0 5 97 3593
1 0 0 5 98 3594
1 0 0 5 99 3595
1 0 0 5 100 3596
1 0 0 5 101 3597
1 0 0 5 102 3598
1 0 0 5 103 3599
1 0 0 5 104 3600
1 0 0 5 105 3601
1 0 0 5 106 3602
1 0 0 5 107 3603
1 0 0 5 108 3604
1 0 0 5 109 3605
1 0 0 5 110 3606
1 0 0 5 111 3607
1 0 0 5 112 3608
1 0 0 5 113 3609
1 0 0 5 114 3610
1 0 0 5 115 3611
1 0 0 5 116 3612
1 0 0 5 117 3613
1 0 0 5 118 3614
1 0 0 5 119 3615
1 0 0 5 120 3616
1 0 0 5 121 3617
1 0 0 5 122 3618
1 0 0 5 123 3619
1 0 0 5 124 3620
1 0 0 5 125 3621
1 0 0 5 126 3622
1 0 0 5 127 3623
1 0 0 5 160 4247
1 0 0 5 161 4248
1 0 0 5 162 4249
1 0 0 5 163 4250
1 0 0 5 164 4251
1 0 0 5 165 4252
1 0 0 5 166 4253
1 0 0 5 167 4254
1 0 0 5 168 4255
1 0 0 5 169 4256
1 0 0 5 170 4257
1 0 0 5 171 4258
1 0 0 5 172 4259
1 0 0 5 173 4260
1 0 0 5 174 4261
1 0 0 5 175 4262
1 0 0 5 176 4263
1 0 0 5 177 4264
1 0 0 5 178 4265
1 0 0 5 179 4266
1 0 0 5 180 4267
1 0 0 5 181 4268
1 0 0 5 182 4269
1 0 0 5 183 4270
1 0 0 5 184 4271
1 0 0 5 185 4272
1 0 0 5 186 4273
1 0 0 5 187 4274
1 0 0 5 188 4275
1 0 0 5 189 4276
1 0 0 5 190 4277
1 0 0 5 191 4278
0 0 0 6 224 8845
0 0 0 6 225 8901
0 0 0 6 226 8922
0 0 0 6 227 8925
0 0 0 6 228 8926
0 0 0 6 229 8990
0 0 0 6 230 9011
0 0 0 6 231 9037
0 0 0 6 232 9103
0 0 0 6 233 9160
0 0 0 6 234 9169
0 0 0 6 235 9225
0 0 0 6 236 9257
0 0 0 6 237 9290
0 0 0 6 238 9338
0 0 0 6 239 9369
0 0 0 6 240 9391
0 0 0 6 241 9431
0 0 0 6 242 9440
0 0 0 6 243 9460
0 0 0 6 244 9500
0 0 0 6 245 9521
0 0 0 6 246 9535
0 0 0 6 247 9588
0 0 0 6 248 9589
0 0 0 6 249 9603
0 0 0 6 250 9622
0 0 0 6 251 9682
0 0 0 6 252 9971
0 0 0 6 253 9993
0 0 0 6 254 10084
0 0 0 6 255 10188
0 0 0 6 96 9045
0 0 0 6 97 9092
0 0 0 6 98 9145
0 0 0 6 99 9155
0 0 0 6 100 9167
0 0 0 6 101 9258
0 0 0 6 102 9316
0 0 0 6 103 9335
0 0 0 6 104 9371
0 0 0 6 105 9383
0 0 0 6 106 9424
0 0 0 6 107 9443
0 0 0 6 108 9447
0 0 0 6 109 9510
0 0 0 6 110 9513
0 0 0 6 111 9520
0 0 0 6 112 9590
0 0 0 6 113 9592
0 0 0 6 114 9664
0 0 0 6 115 9690
0 0 0 6 116 9708
0 0 0 6 117 9736
0 0 0 6 118 9771
0 0 0 6 119 9946
0 0 0 6 120 9976
0 0 0 6 121 10013
0 0 0 6 122 10044
0 0 0 6 123 10046
0 0 0 6 124 10048
0 0 0 6 125 10220
0 0 0 6 126 10321
0 0 0 6 127 10518
0 0 0 6 64 10784
0 0 0 6 65 10793
0 0 0 6 66 10795
0 0 0 6 67 10798
0 0 0 6 68 10910
0 0 0 6 69 10934
0 0 0 6 70 10979
0 0 0 6 71 11117
0 0 0 6 72 11317
0 0 0 6 73 11465
0 0 0 6 74 11544
0 0 0 6 75 11548
0 0 0 6 76 11724
0 0 0 6 77 11728
0 0 0 6 78 11747
0 0 0 6 79 11853
0 0 0 6 80 11879
0 0 0 6 81 11907
0 0 0 6 82 12027
0 0 0 6 83 12053
0 0 0 6 84 12062
0 0 0 6 85 12073
0 0 0 6 86 12217
0 0 0 6 87 12273
0 0 0 6 88 12409
0 0 0 6 89 12516
0 0 0 6 90 12578
0 0 0 6 91 12589
0 0 0 6 92 12615
0 0 0 6 93 12646
0 0 0 6 94 12682
0 0 0 6 95 12716
0 0 0 6 192 8245
0 0 0 6 193 8398
0 0 0 6 194 8413
0 0 0 6 195 8421
0 0 0 6 196 8573
0 0 0 6 197 8593
0 0 0 6 198 8594
0 0 0 6 199 8597
0 0 0 6 200 8658
0 0 0 6 201 8735
0 0 0 6 202 8751
0 0 0 6 203 8881
0 0 0 6 204 8915
0 0 0 6 205 8946
0 0 0 6 206 8968
0 0 0 6 207 9024
0 0 0 6 208 9098
0 0 0 6 209 9216
0 0 0 6 210 9330
0 0 0 6 211 9348
0 0 0 6 212 9411
0 0 0 6 213 9449
0 0 0 6 214 9456
0 0 0 6 215 9548
0 0 0 6 216 9596
0 0 0 6 217 9623
0 0 0 6 218 9658
0 0 0 6 219 9698
0 0 0 6 220 9915
0 0 0 6 221 10028
0 0 0 6 222 10045
0 0 0 6 223 10078
0 0 0 6 128 8830
0 0 0 6 129 8844
0 0 0 6 130 8879
0 0 0 6 131 9054
0 0 0 6 132 9303
0 0 0 6 133 9329
0 0 0 6 134 9342
0 0 0 6 135 9409
0 0 0 6 136 9422
0 0 0 6 137 9595
0 0 0 6 138 9608
0 0 0 6 139 9662
0 0 0 6 140 9677
0 0 0 6 141 9689
0 0 0 6 142 9755
0 0 0 6 143 9842
0 0 0 6 144 9963
0 0 0 6 145 9974
0 0 0 6 146 10048
0 0 0 6 147 10068
0 0 0 6 148 10125
0 0 0 6 149 10144
0 0 0 6 150 10155
0 0 0 6 151 10215
0 0 0 6 152 10235
0 0 0 6 153 10261
0 0 0 6 154 10316
0 0 0 6 155 10384
0 0 0 6 156 10399
0 0 0 6 157 10404
0 0 0 6 158 10506
0 0 0 6 159 10560
0 0 0 6 32 10974
0 0 0 6 33 11012
0 0 0 6 34 11046
0 0 0 6 35 11166
0 0 0 6 36 11187
0 0 0 6 37 11225
0 0 0 6 38 11237
0 0 0 6 39 11389
0 0 0 6 40 11410
0 0 0 6 41 11425
0 0 0 6 42 11639
0 0 0 6 43 11645
0 0 0 6 44 11655
0 0 0 6 45 11671
0 0 0 6 46 11740
0 0 0 6 47 11756
0 0 0 6 48 11774
0 0 0 6 49 11837
0 0 0 6 50 11846
0 0 0 6 51 11862
0 0 0 6 52 12028
0 0 0 6 53 12164
0 0 0 6 54 12255
0 0 0 6 55 12290
0 0 0 6 56 12297
0 0 0 6 57 12357
0 0 0 6 58 12362
0 0 0 6 59 12370
0 0 0 6 60 12396
0 0 0 6 61 12419
0 0 0 6 62 12523
0 0 0 6 63 12534
0 0 0 6 160 10068
0 0 0 6 161 10071
0 0 0 6 162 10098
0 0 0 6 163 10186
0 0 0 6 164 10208
0 0 0 6 165 10225
0 0 0 6 166 10231
0 0 0 6 167 10312
0 0 0 6 168 10329
0 0 0 6 169 10346
0 0 0 6 170 10442
0 0 0 6 171 10547
0 0 0 6 172 10560
0 0 0 6 173 10598
0 0 0 6 174 10641
0 0 0 6 175 10655
0 0 0 6 176 10673
0 0 0 6 177 10691
0 0 0 6 178 10711
0 0 0 6 179 10777
0 0 0 6 180 10797
0 0 0 6 181 10856
0 0 0 6 182 10904
0 0 0 6 183 11126
0 0 0 6 184 11168
0 0 0 6 185 11243
0 0 0 6 186 11244
0 0 0 6 187 11270
0 0 0 6 188 11360
0 0 0 6 189 11467
0 0 0 6 190 11479
0 0 0 6 191 11512
0 0 0 6 0 9359
0 0 0 6 1 9403
0 0 0 6 2 9420
0 0 0 6 3 9497
0 0 0 6 4 9588
0 0 0 6 5 9715
0 0 0 6 6 9842
0 0 0 6 7 9949
0 0 0 6 8 9999
0 0 0 6 9 10053
0 0 0 6 10 10081
0 0 0 6 11 10278
0 0 0 6 12 10405
0 0 0 6 13 10434
0 0 0 6 14 10445
0 0 0 6 15 10457
0 0 0 6 16 10458
0 0 0 6 17 10527
0 0 0 6 18 10529
0 0 0 6 19 10717
0 0 0 6 20 10815
0 0 0 6 21 10892
0 0 0 6 22 10899
0 0 0 6 23 11106
0 0 0 6 24 11151
0 0 0 6 25 11592
0 0 0 6 26 11635
0 0 0 6 27 11673
0 0 0 6 28 11691
0 0 0 6 29 11698
0 0 0 6 30 11733
0 0 0 6 31 11763
1 0 0 6 160 4279
1 0 0 6 161 4280
1 0 0 6 162 4281
1 0 0 6 163 4282
1 0 0 6 164 4283
1 0 0 6 165 4284
1 0 0 6 166 4285
1 0 0 6 167 4286
1 0 0 6 168 4287
1 0 0 6 169 4288
1 0 0 6 170 4289
1 0 0 6 171 4290
1 0 0 6 172 4291
1 0 0 6 173 4292
1 0 0 6 174 4293
1 0 0 6 175 4294
1 0 0 6 176 4295
1 0 0 6 177 4296
1 0 0 6 178 4297
1 0 0 6 179 4298
1 0 0 6 180 4299
1 0 0 6 181 4300
1 0 0 6 182 4301
1 0 0 6 183 4302
1 0 0 6 184 4303
1 0 0 6 185 4304
1 0 0 6 186 4305
1 0 0 6 187 4306
1 0 0 6 188 4307
1 0 0 6 189 4308
1 0 0 6 190 4309
1 0 0 6 191 4310
1 0 0 6 32 3017
1 0 0 6 33 3018
1 0 0 6 34 3019
1 0 0 6 35 3020
1 0 0 6 36 3021
1 0 0 6 37 3022
1 0 0 6 38 3023
1 0 0 6 39 3024
1 0 0 6 40 3025
1 0 0 6 41 3026
1 0 0 6 42 3027
1 0 0 6 43 3028
1 0 0 6 44 3029
1 0 0 6 45 3030
1 0 0 6 46 3031
1 0 0 6 47 3032
1 0 0 6 48 3033
1 0 0 6 49 3034
1 0 0 6 50 3035
1 0 0 6 51 3036
1 0 0 6 52 3037
1 0 0 6 53 3038
1 0 0 6 54 3039
1 0 0 6 55 3040
1 0 0 6 56 3041
1 0 0 6 57 3042
1 0 0 6 58 3043
1 0 0 6 59 3044
1 0 0 6 60 3045
1 0 0 6 61 3046
1 0 0 6 62 3047
1 0 0 6 63 3048
1 0 0 6 224 4924
1 0 0 6 225 4925
1 0 0 6 226 4926
1 0 0 6 227 4927
1 0 0 6 228 4928
1 0 0 6 229 4929
1 0 0 6 230 4930
1 0 0 6 231 4931
1 0 0 6 232 4932
1 0 0 6 233 4933
1 0 0 6 234 4934
1 0 0 6 235 4935
1 0 0 6 236 4936
1 0 0 6 237 4937
1 0 0 6 238 4938
1 0 0 6 239 4939
1 0 0 6 240 4940
1 0 0 6 241 4941
1 0 0 6 242 4942
1 0 0 6 243 4943
1 0 0 6 244 4944
1 0 0 6 245 4945
1 0 0 6 246 4946
1 0 0 6 247 4947
1 0 0 6 248 4948
1 0 0 6 249 4949
1 0 0 6 250 4950
1 0 0 6 251 4951
1 0 0 6 252 4952
1 0 0 6 253 4953
1 0 0 6 254 4954
1 0 0 6 255 4955
1 0 0 6 96 3624
1 0 0 6 97 3625
1 0 0 6 98 3626
1 0 0 6 99 3627
1 0 0 6 100 3628
1 0 0 6 101 3629
1 0 0 6 102 3630
1 0 0 6 103 3631
1 0 0 6 104 3632
1 0 0 6 105 3633
1 0 0 6 106 3634
1 0 0 6 107 3635
1 0 0 6 108 3636
1 0 0 6 109 3637
1 0 0 6 110 3638
1 0 0 6 111 3639
1 0 0 6 112 3640
1 0 0 6 113 3641
1 0 0 6 114 3642
1 0 0 6 115 3643
1 0 0 6 116 3644
1 0 0 6 117 3645
1 0 0 6 118 3646
1 0 0 6 119 3647
1 0 0 6 120 3648
1 0 0 6 121 3649
1 0 0 6 122 3650
1 0 0 6 123 3651
1 0 0 6 124 3652
1 0 0 6 125 3653
1 0 0 6 126 3654
1 0 0 6 127 3655
1 0 0 6 0 2719
1 0 0 6 1 2720
1 0 0 6 2 2721
1 0 0 6 3 2722
1 0 0 6 4 2723
1 0 0 6 5 2724
1 0 0 6 6 2725
1 0 0 6 7 2726
1 0 0 6 8 2727
1 0 0 6 9 2728
1 0 0 6 10 2729
1 0 0 6 11 2730
1 0 0 6 12 2731
1 0 0 6 13 2732
1 0 0 6 14 2733
1 0 0 6 15 2734
1 0 0 6 16 2735
1 0 0 6 17 2736
1 0 0 6 18 2737
1 0 0 6 19 2738
1 0 0 6 20 2739
1 0 0 6 21 2740
1 0 0 6 22 2741
1 0 0 6 23 2742
1 0 0 6 24 2743
1 0 0 6 25 2744
1 0 0 6 26 2745
1 0 0 6 27 2746
1 0 0 6 28 2747
1 0 0 6 29 2748
1 0 0 6 30 2749
1 0 0 6 31 2750
1 0 0 6 64 3325
1 0 0 6 65 3326
1 0 0 6 66 3327
1 0 0 6 67 3328
1 0 0 6 68 3329
1 0 0 6 69 3330
1 0 0 6 70 3331
1 0 0 6 71 3332
1 0 0 6 72 3333
1 0 0 6 73 3334
1 0 0 6 74 3335
1 0 0 6 75 3336
1 0 0 6 76 3337
1 0 0 6 77 3338
1 0 0 6 78 3339
1 0 0 6 79 3340
1 0 0 6 80 3341
1 0 0 6 81 3342
1 0 0 6 82 3343
1 0 0 6 83 3344
1 0 0 6 84 3345
1 0 0 6 85 3346
1 0 0 6 86 3347
1 0 0 6 87 3348
1 0 0 6 88 3349
1 0 0 6 89 3350
1 0 0 6 90 3351
1 0 0 6 91 3352
1 0 0 6 92 3353
1 0 0 6 93 3354
1 0 0 6 94 3355
1 0 0 6 95 3356
1 0 0 6 192 4591
1 0 0 6 193 4592
1 0 0 6 194 4593
1 0 0 6 195 4594
1 0 0 6 196 4595
1 0 0 6 197 4596
1 0 0 6 198 4597
1 0 0 6 199 4598
1 0 0 6 200 4599
1 0 0 6 201 4600
1 0 0 6 202 4601
1 0 0 6 203 4602
1 0 0 6 204 4603
1 0 0 6 205 4604
1 0 0 6 206 4605
1 0 0 6 207 4606
1 0 0 6 208 4607
1 0 0 6 209 4608
1 0 0 6 210 4609
1 0 0 6 211 4610
1 0 0 6 212 4611
1 0 0 6 213 4612
1 0 0 6 214 4613
1 0 0 6 215 4614
1 0 0 6 216 4615
1 0 0 6 217 4616
1 0 0 6 218 4617
1 0 0 6 219 4618
1 0 0 6 220 4619
1 0 0 6 221 4620
1 0 0 6 222 4621
1 0 0 6 223 4622
1 0 0 6 128 3944
1 0 0 6 129 3945
1 0 0 6 130 3946
1 0 0 6 131 3947
1 0 0 6 132 3948
1 0 0 6 133 3949
1 0 0 6 134 3950
1 0 0 6 135 3951
1 0 0 6 136 3952
1 0 0 6 137 3953
1 0 0 6 138 3954
1 0 0 6 139 3955
1 0 0 6 140 3956
1 0 0 6 141 3957
1 0 0 6 142 3958
1 0 0 6 143 3959
1 0 0 6 144 3960
1 0 0 6 145 3961
1 0 0 6 146 3962
1 0 0 6 147 3963
1 0 0 6 148 3964
1 0 0 6 149 3965
1 0 0 6 150 3966
1 0 0 6 151 3967
1 0 0 6 152 3968
1 0 0 6 153 3969
1 0 0 6 154 3970
1 0 0 6 155 3971
1 0 0 6 156 3972
1 0 0 6 157 3973
1 0 0 6 158 3974
1 0 0 6 159 3975
0 0 0 7 128 10620
0 0 0 7 129 10630
0 0 0 7 130 10645
0 0 0 7 131 10717
0 0 0 7 132 10733
0 0 0 7 133 10782
0 0 0 7 134 10829
0 0 0 7 135 11039
0 0 0 7 136 11166
0 0 0 7 137 11274
0 0 0 7 138 11308
0 0 0 7 139 11321
0 0 0 7 140 11371
0 0 0 7 141 11407
0 0 0 7 142 11414
0 0 0 7 143 11471
0 0 0 7 144 11528
0 0 0 7 145 11542
0 0 0 7 146 11569
0 0 0 7 147 11581
0 0 0 7 148 11603
0 0 0 7 149 11671
0 0 0 7 150 11737
0 0 0 7 151 11810
0 0 0 7 152 11865
0 0 0 7 153 11910
0 0 0 7 154 11985
0 0 0 7 155 12062
0 0 0 7 156 12139
0 0 0 7 157 12204
0 0 0 7 158 12231
0 0 0 7 159 12302
0 0 0 7 0 11829
0 0 0 7 1 11842
0 0 0 7 2 11858
0 0 0 7 3 11859
0 0 0 7 4 11954
0 0 0 7 5 11955
0 0 0 7 6 11965
0 0 0 7 7 11978
0 0 0 7 8 12012
0 0 0 7 9 12025
0 0 0 7 10 12042
0 0 0 7 11 12046
0 0 0 7 12 12055
0 0 0 7 13 12105
0 0 0 7 14 12136
0 0 0 7 15 12378
0 0 0 7 16 12571
0 0 0 7 17 12589
0 0 0 7 18 12599
0 0 0 7 19 12631
0 0 0 7 20 12695
0 0 0 7 21 12783
0 0 0 7 22 12835
0 0 0 7 23 12839
0 0 0 7 24 12874
0 0 0 7 25 12879
0 0 0 7 26 12891
0 0 0 7 27 12991
0 0 0 7 28 13036
0 0 0 7 29 13304
0 0 0 7 30 13378
0 0 0 7 31 13426
0 0 0 7 192 10095
0 0 0 7 193 10153
0 0 0 7 194 10334
0 0 0 7 195 10609
0 0 0 7 196 10689
0 0 0 7 197 10752
0 0 0 7 198 10790
0 0 0 7 199 10818
0 0 0 7 200 10844
0 0 0 7 201 10861
0 0 0 7 202 11010
0 0 0 7 203 11231
0 0 0 7 204 11251
0 0 0 7 205 11282
0 0 0 7 206 11363
0 0 0 7 207 11366
0 0 0 7 208 11520
0 0 0 7 209 11573
0 0 0 7 210 11583
0 0 0 7 211 11596
0 0 0 7 212 11712
0 0 0 7 213 11729
0 0 0 7 214 11733
0 0 0 7 215 11768
0 0 0 7 216 11868
0 0 0 7 217 11910
0 0 0 7 218 12056
0 0 0 7 219 12122
0 0 0 7 220 12149
0 0 0 7 221 12280
0 0 0 7 222 12375
0 0 0 7 223 12392
0 0 0 7 64 12726
0 0 0 7 65 12765
0 0 0 7 66 12788
0 0 0 7 67 12917
0 0 0 7 68 12924
0 0 0 7 69 12947
0 0 0 7 70 12956
0 0 0 7 71 12958
0 0 0 7 72 13016
0 0 0 7 73 13042
0 0 0 7 74 13043
0 0 0 7 75 13140
0 0 0 7 76 13180
0 0 0 7 77 13194
0 0 0 7 78 13232
0 0 0 7 79 13317
0 0 0 7 80 13389
0 0 0 7 81 13414
0 0 0 7 82 13425
0 0 0 7 83 13435
0 0 0 7 84 13488
0 0 0 7 85 13558
0 0 0 7 86 13610
0 0 0 7 87 13651
0 0 0 7 88 13692
0 0 0 7 89 13754
0 0 0 7 90 13761
0 0 0 7 91 13998
0 0 0 7 92 14009
0 0 0 7 93 14042
0 0 0 7 94 14069
0 0 0 7 95 14118
0 0 0 7 96 10606
0 0 0 7 97 10650
0 0 0 7 98 10839
0 0 0 7 99 10935
0 0 0 7 100 10951
0 0 0 7 101 11031
0 0 0 7 102 11033
0 0 0 7 103 11154
0 0 0 7 104 11243
0 0 0 7 105 11253
0 0 0 7 106 11272
0 0 0 7 107 11283
0 0 0 7 108 11297
0 0 0 7 109 11347
0 0 0 7 110 11348
0 0 0 7 111 11521
0 0 0 7 112 11524
0 0 0 7 113 11537
0 0 0 7 114 11638
0 0 0 7 115 11730
0 0 0 7 116 11763
0 0 0 7 117 11793
0 0 0 7 118 11857
0 0 0 7 119 11867
0 0 0 7 120 11957
0 0 0 7 121 11991
0 0 0 7 122 12145
0 0 0 7 123 12156
0 0 0 7 124 12164
0 0 0 7 125 12199
0 0 0 7 126 12358
0 0 0 7 127 12435
0 0 0 7 32 12552
0 0 0 7 33 12584
0 0 0 7 34 12593
0 0 0 7 35 12789
0 0 0 7 36 12808
0 0 0 7 37 12834
0 0 0 7 38 12856
0 0 0 7 39 12951
0 0 0 7 40 12954
0 0 0 7 41 12961
0 0 0 7 42 12966
0 0 0 7 43 13019
0 0 0 7 44 13032
0 0 0 7 45 13183
0 0 0 7 46 13232
0 0 0 7 47 13237
0 0 0 7 48 13243
0 0 0 7 49 13251
0 0 0 7 50 13256
0 0 0 7 51 13306
0 0 0 7 52 13522
0 0 0 7 53 13537
0 0 0 7 54 13554
0 0 0 7 55 13597
0 0 0 7 56 13678
0 0 0 7 57 13778
0 0 0 7 58 13825
0 0 0 7 59 13893
0 0 0 7 60 13910
0 0 0 7 61 13958
0 0 0 7 62 13964
0 0 0 7 63 13968
0 0 0 7 160 11522
0 0 0 7 161 11546
0 0 0 7 162 11581
0 0 0 7 163 11597
0 0 0 7 164 11813
0 0 0 7 165 11945
0 0 0 7 166 11986
0 0 0 7 167 12076
0 0 0 7 168 12097
0 0 0 7 169 12112
0 0 0 7 170 12118
0 0 0 7 171 12139
0 0 0 7 172 12177
0 0 0 7 173 12186
0 0 0 7 174 12291
0 0 0 7 175 12297
0 0 0 7 176 12313
0 0 0 7 177 12405
0 0 0 7 178 12406
0 0 0 7 179 12462
0 0 0 7 180 12496
0 0 0 7 181 12592
0 0 0 7 182 12596
0 0 0 7 183 12606
0 0 0 7 184 12656
0 0 0 7 185 12661
0 0 0 7 186 12663
0 0 0 7 187 12684
0 0 0 7 188 12724
0 0 0 7 189 12775
0 0 0 7 190 12777
0 0 0 7 191 12844
0 0 0 7 224 10226
0 0 0 7 225 10228
0 0 0 7 226 10276
0 0 0 7 227 10307
0 0 0 7 228 10388
0 0 0 7 229 10400
0 0 0 7 230 10422
0 0 0 7 231 10464
0 0 0 7 232 10465
0 0 0 7 233 10481
0 0 0 7 234 10552
0 0 0 7 235 10648
0 0 0 7 236 10696
0 0 0 7 237 10734
0 0 0 7 238 10904
0 0 0 7 239 10978
0 0 0 7 240 11028
0 0 0 7 241 11033
0 0 0 7 242 11042
0 0 0 7 243 11044
0 0 0 7 244 11116
0 0 0 7 245 11117
0 0 0 7 246 11122
0 0 0 7 247 11179
0 0 0 7 248 11189
0 0 0 7 249 11208
0 0 0 7 250 11216
0 0 0 7 251 11236
0 0 0 7 252 11277
0 0 0 7 253 11280
0 0 0 7 254 11306
0 0 0 7 255 11396
1 0 0 7 64 3357
1 0 0 7 65 3358
1 0 0 7 66 3359
1 0 0 7 67 3360
1 0 0 7 68 3361
1 0 0 7 69 3362
1 0 0 7 70 3363
1 0 0 7 71 3364
1 0 0 7 72 3365
1 0 0 7 73 3366
1 0 0 7 74 3367
1 0 0 7 75 3368
1 0 0 7 76 3369
1 0 0 7 77 3370
1 0 0 7 78 3371
1 0 0 7 79 3372
1 0 0 7 80 3373
1 0 0 7 81 3374
1 0 0 7 82 3375
1 0 0 7 83 3376
1 0 0 7 84 3377
1 0 0 7 85 3378
1 0 0 7 86 3379
1 0 0 7 87 3380
1 0 0 7 88 3381
1 0 0 7 89 3382
1 0 0 7 90 3383
1 0 0 7 91 3384
1 0 0 7 92 3385
1 0 0 7 93 3386
1 0 0 7 94 3387
1 0 0 7 95 3388
1 0 0 7 192 4623
1 0 0 7 193 4624
1 0 0 7 194 4625
1 0 0 7 195 4626
1 0 0 7 196 4627
1 0 0 7 197 4628
1 0 0 7 198 4629
1 0 0 7 199 4630
1 0 0 7 200 4631
1 0 0 7 201 4632
1 0 0 7 202 4633
1 0 0 7 203 4634
1 0 0 7 204 4635
1 0 0 7 205 4636
1 0 0 7 206 4637
1 0 0 7 207 4638
1 0 0 7 208 4639
1 0 0 7 209 4640
1 0 0 7 210 4641
1 0 0 7 211 4642
1 0 0 7 212 4643
1 0 0 7 213 4644
1 0 0 7 214 4645
1 0 0 7 215 4646
1 0 0 7 216 4647
1 0 0 7 217 4648
1 0 0 7 218 4649
1 0 0 7 219 4650
1 0 0 7 220 4651
1 0 0 7 221 4652
1 0 0 7 222 4653
1 0 0 7 223 4654
1 0 0 7 160 4311
1 0 0 7 161 4312
1 0 0 7 162 4313
1 0 0 7 163 4314
1 0 0 7 164 4315
1 0 0 7 165 4316
1 0 0 7 166 4317
1 0 0 7 167 4318
1 0 0 7 168 4319
1 0 0 7 169 4320
1 0 0 7 170 4321
1 0 0 7 171 4322
1 0 0 7 172 4323
1 0 0 7 173 4324
1 0 0 7 174 4325
1 0 0 7 175 4326
1 0 0 7 176 4327
1 0 0 7 177 4328
1 0 0 7 178 4329
1 0 0 7 179 4330
1 0 0 7 180 4331
1 0 0 7 181 4332
1 0 0 7 182 4333
1 0 0 7 183 4334
1 0 0 7 184 4335
1 0 0 7 185 4336
1 0 0 7 186 4337
1 0 0 7 187 4338
1 0 0 7 188 4339
1 0 0 7 189 4340
1 0 0 7 190 4341
1 0 0 7 191 4342
1 0 0 7 32 3049
1 0 0 7 33 3050
1 0 0 7 34 3051
1 0 0 7 35 3052
1 0 0 7 36 3053
1 0 0 7 37 3054
1 0 0 7 38 3055
1 0 0 7 39 3056
1 0 0 7 40 3057
1 0 0 7 41 3058
1 0 0 7 42 3059
1 0 0 7 43 3060
1 0 0 7 44 3061
1 0 0 7 45 3062
1 0 0 7 46 3063
1 0 0 7 47 3064
1 0 0 7 48 3065
1 0 0 7 49 3066
1 0 0 7 50 3067
1 0 0 7 51 3068
1 0 0 7 52 3069
1 0 0 7 53 3070
1 0 0 7 54 3071
1 0 0 7 55 3072
1 0 0 7 56 3073
1 0 0 7 57 3074
1 0 0 7 58 3075
1 0 0 7 59 3076
1 0 0 7 60 3077
1 0 0 7 61 3078
1 0 0 7 62 3079
1 0 0 7 63 3080
1 0 0 7 224 4956
1 0 0 7 225 4957
1 0 0 7 226 4958
1 0 0 7 227 4959
1 0 0 7 228 4960
1 0 0 7 229 4961
1 0 0 7 230 4962
1 0 0 7 231 4963
1 0 0 7 232 4964
1 0 0 7 233 4965
1 0 0 7 234 4966
1 0 0 7 235 4967
1 0 0 7 236 4968
1 0 0 7 237 4969
1 0 0 7 238 4970
1 0 0 7 239 4971
1 0 0 7 240 4972
1 0 0 7 241 4973
1 0 0 7 242 4974
1 0 0 7 243 4975
1 0 0 7 244 4976
1 0 0 7 245 4977
1 0 0 7 246 4978
1 0 0 7 247 4979
1 0 0 7 248 4980
1 0 0 7 249 4981
1 0 0 7 250 4982
1 0 0 7 251 4983
1 0 0 7 252 4984
1 0 0 7 253 4985
1 0 0 7 254 4986
1 0 0 7 255 4987
1 0 0 7 0 2751
1 0 0 7 1 2752
1 0 0 7 2 2753
1 0 0 7 3 2754
1 0 0 7 4 2755
1 0 0 7 5 2756
1 0 0 7 6 2757
1 0 0 7 7 2758
1 0 0 7 8 2759
1 0 0 7 9 2760
1 0 0 7 10 2761
1 0 0 7 11 2762
1 0 0 7 12 2763
1 0 0 7 13 2764
1 0 0 7 14 2765
1 0 0 7 15 2766
1 0 0 7 16 2767
1 0 0 7 17 2768
1 0 0 7 18 2769
1 0 0 7 19 2770
1 0 0 7 20 2771
1 0 0 7 21 2772
1 0 0 7 22 2773
1 0 0 7 23 2774
1 0 0 7 24 2775
1 0 0 7 25 2776
1 0 0 7 26 2777
1 0 0 7 27 2778
1 0 0 7 28 2779
1 0 0 7 29 2780
1 0 0 7 30 2781
1 0 0 7 31 2782
1 0 0 7 128 3976
1 0 0 7 129 3977
1 0 0 7 130 3978
1 0 0 7 131 3979
1 0 0 7 132 3980
1 0 0 7 133 3981
1 0 0 7 134 3982
1 0 0 7 135 3983
1 0 0 7 136 3984
1 0 0 7 137 3985
1 0 0 7 138 3986
1 0 0 7 139 3987
1 0 0 7 140 3988
1 0 0 7 141 3989
1 0 0 7 142 3990
1 0 0 7 143 3991
1 0 0 7 144 3992
1 0 0 7 145 3993
1 0 0 7 146 3994
1 0 0 7 147 3995
1 0 0 7 148 3996
1 0 0 7 149 3997
1 0 0 7 150 3998
1 0 0 7 151 3999
1 0 0 7 152 4000
1 0 0 7 153 4001
1 0 0 7 154 4002
1 0 0 7 155 4003
1 0 0 7 156 4004
1 0 0 7 157 4005
1 0 0 7 158 4006
1 0 0 7 159 4007
1 0 0 7 96 3656
1 0 0 7 97 3657
1 0 0 7 98 3658
1 0 0 7 99 3659
1 0 0 7 100 3660
1 0 0 7 101 3661
1 0 0 7 102 3662
1 0 0 7 103 3663
1 0 0 7 104 3664
1 0 0 7 105 3665
1 0 0 7 106 3666
1 0 0 7 107 3667
1 0 0 7 108 3668
1 0 0 7 109 3669
1 0 0 7 110 3670
1 0 0 7 111 3671
1 0 0 7 112 3672
1 0 0 7 113 3673
1 0 0 7 114 3674
1 0 0 7 115 3675
1 0 0 7 116 3676
1 0 0 7 117 3677
1 0 0 7 118 3678
1 0 0 7 119 3679
1 0 0 7 120 3680
1 0 0 7 121 3681
1 0 0 7 122 3682
1 0 0 7 123 3683
1 0 0 7 124 3684
1 0 0 7 125 3685
1 0 0 7 126 3686
1 0 0 7 127 3687
0 0 0 8 0 13438
0 0 0 8 1 13453
0 0 0 8 2 13758
0 0 0 8 3 13887
0 0 0 8 4 13894
0 0 0 8 5 13897
0 0 0 8 6 13933
0 0 0 8 7 14009
0 0 0 8 8 14070
0 0 0 8 9 14176
0 0 0 8 10 14231
0 0 0 8 11 14237
0 0 0 8 12 14432
0 0 0 8 13 14451
0 0 0 8 14 14507
0 0 0 8 15 14564
0 0 0 8 16 14576
0 0 0 8 17 14708
0 0 0 8 18 14827
0 0 0 8 19 14882
0 0 0 8 20 14905
0 0 0 8 21 14921
0 0 0 8 22 14950
0 0 0 8 23 15039
0 0 0 8 24 15098
0 0 0 8 25 15169
0 0 0 8 26 15202
0 0 0 8 27 15249
0 0 0 8 28 15252
0 0 0 8 29 15255
0 0 0 8 30 15312
0 0 0 8 31 15332
0 0 0 8 32 13996
0 0 0 8 33 13999
0 0 0 8 34 14022
0 0 0 8 35 14033
0 0 0 8 36 14101
0 0 0 8 37 14119
0 0 0 8 38 14165
0 0 0 8 39 14174
0 0 0 8 40 14233
0 0 0 8 41 14269
0 0 0 8 42 14288
0 0 0 8 43 14360
0 0 0 8 44 14362
0 0 0 8 45 14367
0 0 0 8 46 14459
0 0 0 8 47 14501
0 0 0 8 48 14511
0 0 0 8 49 14542
0 0 0 8 50 14611
0 0 0 8 51 14641
0 0 0 8 52 14656
0 0 0 8 53 14766
0 0 0 8 54 14810
0 0 0 8 55 14828
0 0 0 8 56 14848
0 0 0 8 57 14853
0 0 0 8 58 14858
0 0 0 8 59 14859
0 0 0 8 60 15050
0 0 0 8 61 15069
0 0 0 8 62 15083
0 0 0 8 63 15100
0 0 0 8 160 12868
0 0 0 8 161 12905
0 0 0 8 162 12924
0 0 0 8 163 12927
0 0 0 8 164 12931
0 0 0 8 165 12939
0 0 0 8 166 12940
0 0 0 8 167 13001
0 0 0 8 168 13019
0 0 0 8 169 13117
0 0 0 8 170 13127
0 0 0 8 171 13139
0 0 0 8 172 13167
0 0 0 8 173 13172
0 0 0 8 174 13189
0 0 0 8 175 13322
0 0 0 8 176 13449
0 0 0 8 177 13529
0 0 0 8 178 13558
0 0 0 8 179 13602
0 0 0 8 180 13651
0 0 0 8 181 13753
0 0 0 8 182 13862
0 0 0 8 183 13978
0 0 0 8 184 14064
0 0 0 8 185 14138
0 0 0 8 186 14383
0 0 0 8 187 14393
0 0 0 8 188 14478
0 0 0 8 189 14550
0 0 0 8 190 14618
0 0 0 8 191 14678
0 0 0 8 192 12424
0 0 0 8 193 12496
0 0 0 8 194 12528
0 0 0 8 195 12674
0 0 0 8 196 12700
0 0 0 8 197 12713
0 0 0 8 198 12718
0 0 0 8 199 12741
0 0 0 8 200 12763
0 0 0 8 201 12805
0 0 0 8 202 12978
0 0 0 8 203 13071
0 0 0 8 204 13115
0 0 0 8 205 13117
0 0 0 8 206 13139
0 0 0 8 207 13182
0 0 0 8 208 13194
0 0 0 8 209 13203
0 0 0 8 210 13238
0 0 0 8 211 13258
0 0 0 8 212 13317
0 0 0 8 213 13324
0 0 0 8 214 13358
0 0 0 8 215 13431
0 0 0 8 216 13563
0 0 0 8 217 13584
0 0 0 8 218 13585
0 0 0 8 219 13587
0 0 0 8 220 13598
0 0 0 8 221 13601
0 0 0 8 222 13628
0 0 0 8 223 13679
0 0 0 8 64 14138
0 0 0 8 65 14172
0 0 0 8 66 14201
0 0 0 8 67 14250
0 0 0 8 68 14254
0 0 0 8 69 14284
0 0 0 8 70 14332
0 0 0 8 71 14361
0 0 0 8 72 14374
0 0 0 8 73 14392
0 0 0 8 74 14456
0 0 0 8 75 14459
0 0 0 8 76 14460
0 0 0 8 77 14543
0 0 0 8 78 14560
0 0 0 8 79 14615
0 0 0 8 80 14623
0 0 0 8 81 14635
0 0 0 8 82 14709
0 0 0 8 83 14724
0 0 0 8 84 14730
0 0 0 8 85 14905
0 0 0 8 86 14984
0 0 0 8 87 15094
0 0 0 8 88 15171
0 0 0 8 89 15210
0 0 0 8 90 15225
0 0 0 8 91 15320
0 0 0 8 92 15323
0 0 0 8 93 15324
0 0 0 8 94 15387
0 0 0 8 95 15398
0 0 0 8 96 12478
0 0 0 8 97 12487
0 0 0 8 98 12564
0 0 0 8 99 12663
0 0 0 8 100 12677
0 0 0 8 101 12743
0 0 0 8 102 12745
0 0 0 8 103 12759
0 0 0 8 104 12771
0 0 0 8 105 12782
0 0 0 8 106 12865
0 0 0 8 107 12876
0 0 0 8 108 13009
0 0 0 8 109 13104
0 0 0 8 110 13118
0 0 0 8 111 13248
0 0 0 8 112 13262
0 0 0 8 113 13422
0 0 0 8 114 13597
0 0 0 8 115 13643
0 0 0 8 116 13682
0 0 0 8 117 13724
0 0 0 8 118 13792
0 0 0 8 119 13910
0 0 0 8 120 13991
0 0 0 8 121 14175
0 0 0 8 122 14195
0 0 0 8 123 14218
0 0 0 8 124 14234
0 0 0 8 125 14268
0 0 0 8 126 14282
0 0 0 8 127 14463
0 0 0 8 224 11411
0 0 0 8 225 11490
0 0 0 8 226 11505
0 0 0 8 227 11520
0 0 0 8 228 11553
0 0 0 8 229 11617
0 0 0 8 230 11641
0 0 0 8 231 11663
0 0 0 8 232 11677
0 0 0 8 233 11691
0 0 0 8 234 11814
0 0 0 8 235 11870
0 0 0 8 236 11916
0 0 0 8 237 11967
0 0 0 8 238 12031
0 0 0 8 239 12079
0 0 0 8 240 12097
0 0 0 8 241 12102
0 0 0 8 242 12198
0 0 0 8 243 12339
0 0 0 8 244 12390
0 0 0 8 245 12411
0 0 0 8 246 12431
0 0 0 8 247 12592
0 0 0 8 248 12593
0 0 0 8 249 12604
0 0 0 8 250 12644
0 0 0 8 251 12814
0 0 0 8 252 12866
0 0 0 8 253 12880
0 0 0 8 254 13046
0 0 0 8 255 13180
0 0 0 8 128 12389
0 0 0 8 129 12474
0 0 0 8 130 12482
0 0 0 8 131 12520
0 0 0 8 132 12565
0 0 0 8 133 12584
0 0 0 8 134 12633
0 0 0 8 135 12682
0 0 0 8 136 12748
0 0 0 8 137 12750
0 0 0 8 138 12762
0 0 0 8 139 12804
0 0 0 8 140 12857
0 0 0 8 141 13040
0 0 0 8 142 13070
0 0 0 8 143 13110
0 0 0 8 144 13136
0 0 0 8 145 13221
0 0 0 8 146 13249
0 0 0 8 147 13270
0 0 0 8 148 13273
0 0 0 8 149 13283
0 0 0 8 150 13300
0 0 0 8 151 13383
0 0 0 8 152 13410
0 0 0 8 153 13422
0 0 0 8 154 13460
0 0 0 8 155 13594
0 0 0 8 156 13602
0 0 0 8 157 13702
0 0 0 8 158 13769
0 0 0 8 159 13773
1 0 0 8 0 2783
1 0 0 8 1 2784
1 0 0 8 2 2785
1 0 0 8 3 2786
1 0 0 8 4 2787
1 0 0 8 5 2788
1 0 0 8 6 2789
1 0 0 8 7 2790
1 0 0 8 8 2791
1 0 0 8 9 2792
1 0 0 8 10 2793
1 0 0 8 11 2794
1 0 0 8 12 2795
1 0 0 8 13 2796
1 0 0 8 14 2797
1 0 0 8 15 2798
1 0 0 8 16 2799
1 0 0 8 17 2800
1 0 0 8 18 2801
1 0 0 8 19 2802
1 0 0 8 20 2803
1 0 0 8 21 2804
1 0 0 8 22 2805
1 0 0 8 23 2806
1 0 0 8 24 2807
1 0 0 8 25 2808
1 0 0 8 26 2809
1 0 0 8 27 2810
1 0 0 8 28 2811
1 0 0 8 29 2812
1 0 0 8 30 2813
1 0 0 8 31 2814
1 0 0 8 96 3688
1 0 0 8 97 3689
1 0 0 8 98 3690
1 0 0 8 99 3691
1 0 0 8 100 3692
1 0 0 8 101 3693
1 0 0 8 102 3694
1 0 0 8 103 3695
1 0 0 8 104 3696
1 0 0 8 105 3697
1 0 0 8 106 3698
1 0 0 8 107 3699
1 0 0 8 108 3700
1 0 0 8 109 3701
1 0 0 8 110 3702
1 0 0 8 111 3703
1 0 0 8 112 3704
1 0 0 8 113 3705
1 0 0 8 114 3706
1 0 0 8 115 3707
1 0 0 8 116 3708
1 0 0 8 117 3709
1 0 0 8 118 3710
1 0 0 8 119 3711
1 0 0 8 120 3712
1 0 0 8 121 3713
1 0 0 8 122 3714
1 0 0 8 123 3715
1 0 0 8 124 3716
1 0 0 8 125 3717
1 0 0 8 126 3718
1 0 0 8 127 3719
1 0 0 8 160 4343
1 0 0 8 161 4344
1 0 0 8 162 4345
1 0 0 8 163 4346
1 0 0 8 164 4347
1 0 0 8 165 4348
1 0 0 8 166 4349
1 0 0 8 167 4350
1 0 0 8 168 4351
1 0 0 8 169 4352
1 0 0 8 170 4353
1 0 0 8 171 4354
1 0 0 8 172 4355
1 0 0 8 173 4356
1 0 0 8 174 4357
1 0 0 8 175 4358
1 0 0 8 176 4359
1 0 0 8 177 4360
1 0 0 8 178 4361
1 0 0 8 179 4362
1 0 0 8 180 4363
1 0 0 8 181 4364
1 0 0 8 182 4365
1 0 0 8 183 4366
1 0 0 8 184 4367
1 0 0 8 185 4368
1 0 0 8 186 4369
1 0 0 8 187 4370
1 0 0 8 188 4371
1 0 0 8 189 4372
1 0 0 8 190 4373
1 0 0 8 191 4374
1 0 0 8 32 3081
1 0 0 8 33 3082
1 0 0 8 34 3083
1 0 0 8 35 3084
1 0 0 8 36 3085
1 0 0 8 37 3086
1 0 0 8 38 3087
1 0 0 8 39 3088
1 0 0 8 40 3089
1 0 0 8 41 3090
1 0 0 8 42 3091
1 0 0 8 43 3092
1 0 0 8 44 3093
1 0 0 8 45 3094
1 0 0 8 46 3095
1 0 0 8 47 3096
1 0 0 8 48 3097
1 0 0 8 49 3098
1 0 0 8 50 3099
1 0 0 8 51 3100
1 0 0 8 52 3101
1 0 0 8 53 3102
1 0 0 8 54 3103
1 0 0 8 55 3104
1 0 0 8 56 3105
1 0 0 8 57 3106
1 0 0 8 58 3107
1 0 0 8 59 3108
1 0 0 8 60 3109
1 0 0 8 61 3110
1 0 0 8 62 3111
1 0 0 8 63 3112
1 0 0 8 224 4988
1 0 0 8 225 4989
1 0 0 8 226 4990
1 0 0 8 227 4991
1 0 0 8 228 4992
1 0 0 8 229 4993
1 0 0 8 230 4994
1 0 0 8 231 4995
1 0 0 8 232 4996
1 0 0 8 233 4997
1 0 0 8 234 4998
1 0 0 8 235 4999
1 0 0 8 236 5000
1 0 0 8 237 5001
1 0 0 8 238 5002
1 0 0 8 239 5003
1 0 0 8 240 5004
1 0 0 8 241 5005
1 0 0 8 242 5006
1 0 0 8 243 5007
1 0 0 8 244 5008
1 0 0 8 245 5009
1 0 0 8 246 5010
1 0 0 8 247 5011
1 0 0 8 248 5012
1 0 0 8 249 5013
1 0 0 8 250 5014
1 0 0 8 251 5015
1 0 0 8 252 5016
1 0 0 8 253 5017
1 0 0 8 254 5018
1 0 0 8 255 5019
1 0 0 8 128 4008
1 0 0 8 129 4009
1 0 0 8 130 4010
1 0 0 8 131 4011
1 0 0 8 132 4012
1 0 0 8 133 4013
1 0 0 8 134 4014
1 0 0 8 135 4015
1 0 0 8 136 4016
1 0 0 8 137 4017
1 0 0 8 138 4018
1 0 0 8 139 4019
1 0 0 8 140 4020
1 0 0 8 141 4021
1 0 0 8 142 4022
1 0 0 8 143 4023
1 0 0 8 144 4024
1 0 0 8 145 4025
1 0 0 8 146 4026
1 0 0 8 147 4027
1 0 0 8 148 4028
1 0 0 8 149 4029
1 0 0 8 150 4030
1 0 0 8 151 4031
1 0 0 8 152 4032
1 0 0 8 153 4033
1 0 0 8 154 4034
1 0 0 8 155 4035
1 0 0 8 156 4036
1 0 0 8 157 4037
1 0 0 8 158 4038
1 0 0 8 159 4039
1 0 0 8 192 4655
1 0 0 8 193 4656
1 0 0 8 194 4657
1 0 0 8 195 4658
1 0 0 8 196 4659
1 0 0 8 197 4660
1 0 0 8 198 4661
1 0 0 8 199 4662
1 0 0 8 200 4663
1 0 0 8 201 4664
1 0 0 8 202 4665
1 0 0 8 203 4666
1 0 0 8 204 4667
1 0 0 8 205 4668
1 0 0 8 206 4669
1 0 0 8 207 4670
1 0 0 8 208 4671
1 0 0 8 209 4672
1 0 0 8 210 4673
1 0 0 8 211 4674
1 0 0 8 212 4675
1 0 0 8 213 4676
1 0 0 8 214 4677
1 0 0 8 215 4678
1 0 0 8 216 4679
1 0 0 8 217 4680
1 0 0 8 218 4681
1 0 0 8 219 4682
1 0 0 8 220 4683
1 0 0 8 221 4684
1 0 0 8 222 4685
1 0 0 8 223 4686
1 0 0 8 64 3389
1 0 0 8 65 3390
1 0 0 8 66 3391
1 0 0 8 67 3392
1 0 0 8 68 3393
1 0 0 8 69 3394
1 0 0 8 70 3395
1 0 0 8 71 3396
1 0 0 8 72 3397
1 0 0 8 73 3398
1 0 0 8 74 3399
1 0 0 8 75 3400
1 0 0 8 76 3401
1 0 0 8 77 3402
1 0 0 8 78 3403
1 0 0 8 79 3404
1 0 0 8 80 3405
1 0 0 8 81 3406
1 0 0 8 82 3407
1 0 0 8 83 3408
1 0 0 8 84 3409
1 0 0 8 85 3410
1 0 0 8 86 3411
1 0 0 8 87 3412
1 0 0 8 88 3413
1 0 0 8 89 3414
1 0 0 8 90 3415
1 0 0 8 91 3416
1 0 0 8 92 3417
1 0 0 8 93 3418
1 0 0 8 94 3419
1 0 0 8 95 3420
0 0 0 9 0 15354
0 0 0 9 1 15366
0 0 0 9 2 15530
0 0 0 9 3 15541
0 0 0 9 4 15792
0 0 0 9 5 15886
0 0 0 9 6 15893
0 0 0 9 7 15904
0 0 0 9 8 16010
0 0 0 9 9 16036
0 0 0 9 32 15110
0 0 0 9 33 15249
0 0 0 9 34 15254
0 0 0 9 35 15280
0 0 0 9 36 15316
0 0 0 9 37 15484
0 0 0 9 38 15489
0 0 0 9 39 15551
0 0 0 9 40 15557
0 0 0 9 41 15856
0 0 0 9 42 15894
0 0 0 9 43 15927
0 0 0 9 44 15936
0 0 0 9 45 15987
0 0 0 9 46 16015
0 0 0 9 47 16033
0 0 0 9 48 16055
0 0 0 9 49 16056
0 0 0 9 50 16075
0 0 0 9 51 16093
0 0 0 9 160 14689
0 0 0 9 161 14855
0 0 0 9 162 15014
0 0 0 9 163 15114
0 0 0 9 164 15135
0 0 0 9 165 15150
0 0 0 9 166 15228
0 0 0 9 167 15278
0 0 0 9 168 15310
0 0 0 9 169 15341
0 0 0 9 170 15413
0 0 0 9 171 15613
0 0 0 9 172 15679
0 0 0 9 173 15727
0 0 0 9 174 15734
0 0 0 9 175 15738
0 0 0 9 176 15760
0 0 0 9 177 15804
0 0 0 9 178 15846
0 0 0 9 179 15859
0 0 0 9 180 15868
0 0 0 9 181 16018
0 0 0 9 182 16037
0 0 0 9 183 16055
0 0 0 9 192 13708
0 0 0 9 193 13825
0 0 0 9 194 13834
0 0 0 9 195 13857
0 0 0 9 196 13868
0 0 0 9 197 13870
0 0 0 9 198 13917
0 0 0 9 199 13934
0 0 0 9 200 13990
0 0 0 9 201 14009
0 0 0 9 202 14071
0 0 0 9 203 14100
0 0 0 9 204 14173
0 0 0 9 205 14237
0 0 0 9 206 14364
0 0 0 9 207 14519
0 0 0 9 208 14604
0 0 0 9 209 14634
0 0 0 9 210 14652
0 0 0 9 211 14664
0 0 0 9 212 14873
0 0 0 9 213 14947
0 0 0 9 214 15019
0 0 0 9 215 15120
0 0 0 9 216 15189
0 0 0 9 217 15221
0 0 0 9 218 15223
0 0 0 9 219 15266
0 0 0 9 220 15393
0 0 0 9 221 15396
0 0 0 9 222 15422
0 0 0 9 223 15462
0 0 0 9 128 13821
0 0 0 9 129 13834
0 0 0 9 130 13868
0 0 0 9 131 13915
0 0 0 9 132 13932
0 0 0 9 133 14036
0 0 0 9 134 14044
0 0 0 9 135 14051
0 0 0 9 136 14061
0 0 0 9 137 14073
0 0 0 9 138 14140
0 0 0 9 139 14144
0 0 0 9 140 14217
0 0 0 9 141 14414
0 0 0 9 142 14425
0 0 0 9 143 14534
0 0 0 9 144 14570
0 0 0 9 145 14573
0 0 0 9 146 14660
0 0 0 9 147 14700
0 0 0 9 148 14723
0 0 0 9 149 14758
0 0 0 9 150 14764
0 0 0 9 151 14822
0 0 0 9 152 15041
0 0 0 9 153 15102
0 0 0 9 154 15141
0 0 0 9 155 15214
0 0 0 9 156 15294
0 0 0 9 157 15302
0 0 0 9 158 15326
0 0 0 9 159 15447
0 0 0 9 64 15425
0 0 0 9 65 15428
0 0 0 9 66 15554
0 0 0 9 67 15569
0 0 0 9 68 15600
0 0 0 9 69 15693
0 0 0 9 70 15776
0 0 0 9 71 15848
0 0 0 9 72 15901
0 0 0 9 73 15942
0 0 0 9 74 16097
0 0 0 9 224 13203
0 0 0 9 225 13230
0 0 0 9 226 13273
0 0 0 9 227 13338
0 0 0 9 228 13342
0 0 0 9 229 13455
0 0 0 9 230 13460
0 0 0 9 231 13503
0 0 0 9 232 13583
0 0 0 9 233 13616
0 0 0 9 234 13637
0 0 0 9 235 13683
0 0 0 9 236 13736
0 0 0 9 237 13785
0 0 0 9 238 13793
0 0 0 9 239 13899
0 0 0 9 240 13936
0 0 0 9 241 13953
0 0 0 9 242 14064
0 0 0 9 243 14090
0 0 0 9 244 14161
0 0 0 9 245 14216
0 0 0 9 246 14282
0 0 0 9 247 14362
0 0 0 9 248 14443
0 0 0 9 249 14481
0 0 0 9 250 14549
0 0 0 9 251 14662
0 0 0 9 252 14663
0 0 0 9 253 14703
0 0 0 9 254 14758
0 0 0 9 255 14780
0 0 0 9 96 14532
0 0 0 9 97 14694
0 0 0 9 98 14697
0 0 0 9 99 14773
0 0 0 9 100 14893
0 0 0 9 101 14919
0 0 0 9 102 14925
0 0 0 9 103 14927
0 0 0 9 104 14962
0 0 0 9 105 15069
0 0 0 9 106 15313
0 0 0 9 107 15395
0 0 0 9 108 15416
0 0 0 9 109 15437
0 0 0 9 110 15509
0 0 0 9 111 15516
0 0 0 9 112 15588
0 0 0 9 113 15637
0 0 0 9 114 15700
0 0 0 9 115 15731
0 0 0 9 116 15737
0 0 0 9 117 15778
0 0 0 9 118 15791
0 0 0 9 119 15798
0 0 0 9 120 15867
0 0 0 9 121 15869
0 0 0 9 122 15904
0 0 0 9 123 15919
0 0 0 9 124 15958
0 0 0 9 125 15975
0 0 0 9 126 16015
0 0 0 9 127 16094
1 0 0 9 0 2815
1 0 0 9 1 2816
1 0 0 9 2 2817
1 0 0 9 3 2818
1 0 0 9 4 2819
1 0 0 9 5 2820
1 0 0 9 6 2821
1 0 0 9 7 2822
1 0 0 9 8 2823
1 0 0 9 9 2824
1 0 0 9 64 3421
1 0 0 9 65 3422
1 0 0 9 66 3423
1 0 0 9 67 3424
1 0 0 9 68 3425
1 0 0 9 69 3426
1 0 0 9 70 3427
1 0 0 9 71 3428
1 0 0 9 72 3429
1 0 0 9 73 3430
1 0 0 9 74 3431
1 0 0 9 32 3113
1 0 0 9 33 3114
1 0 0 9 34 3115
1 0 0 9 35 3116
1 0 0 9 36 3117
1 0 0 9 37 3118
1 0 0 9 38 3119
1 0 0 9 39 3120
1 0 0 9 40 3121
1 0 0 9 41 3122
1 0 0 9 42 3123
1 0 0 9 43 3124
1 0 0 9 44 3125
1 0 0 9 45 3126
1 0 0 9 46 3127
1 0 0 9 47 3128
1 0 0 9 48 3129
1 0 0 9 49 3130
1 0 0 9 50 3131
1 0 0 9 51 3132
1 0 0 9 160 4375
1 0 0 9 161 4376
1 0 0 9 162 4377
1 0 0 9 163 4378
1 0 0 9 164 4379
1 0 0 9 165 4380
1 0 0 9 166 4381
1 0 0 9 167 4382
1 0 0 9 168 4383
1 0 0 9 169 4384
1 0 0 9 170 4385
1 0 0 9 171 4386
1 0 0 9 172 4387
1 0 0 9 173 4388
1 0 0 9 174 4389
1 0 0 9 175 4390
1 0 0 9 176 4391
1 0 0 9 177 4392
1 0 0 9 178 4393
1 0 0 9 179 4394
1 0 0 9 180 4395
1 0 0 9 181 4396
1 0 0 9 182 4397
1 0 0 9 183 4398
1 0 0 9 192 4687
1 0 0 9 193 4688
1 0 0 9 194 4689
1 0 0 9 195 4690
1 0 0 9 196 4691
1 0 0 9 197 4692
1 0 0 9 198 4693
1 0 0 9 199 4694
1 0 0 9 200 4695
1 0 0 9 201 4696
1 0 0 9 202 4697
1 0 0 9 203 4698
1 0 0 9 204 4699
1 0 0 9 205 4700
1 0 0 9 206 4701
1 0 0 9 207 4702
1 0 0 9 208 4703
1 0 0 9 209 4704
1 0 0 9 210 4705
1 0 0 9 211 4706
1 0 0 9 212 4707
1 0 0 9 213 4708
1 0 0 9 214 4709
1 0 0 9 215 4710
1 0 0 9 216 4711
1 0 0 9 217 4712
1 0 0 9 218 4713
1 0 0 9 219 4714
1 0 0 9 220 4715
1 0 0 9 221 4716
1 0 0 9 222 4717
1 0 0 9 223 4718
1 0 0 9 128 4040
1 0 0 9 129 4041
1 0 0 9 130 4042
1 0 0 9 131 4043
1 0 0 9 132 4044
1 0 0 9 133 4045
1 0 0 9 134 4046
1 0 0 9 135 4047
1 0 0 9 136 4048
1 0 0 9 137 4049
1 0 0 9 138 4050
1 0 0 9 139 4051
1 0 0 9 140 4052
1 0 0 9 141 4053
1 0 0 9 142 4054
1 0 0 9 143 4055
1 0 0 9 144 4056
1 0 0 9 145 4057
1 0 0 9 146 4058
1 0 0 9 147 4059
1 0 0 9 148 4060
1 0 0 9 149 4061
1 0 0 9 150 4062
1 0 0 9 151 4063
1 0 0 9 152 4064
1 0 0 9 153 4065
1 0 0 9 154 4066
1 0 0 9 155 4067
1 0 0 9 156 4068
1 0 0 9 157 4069
1 0 0 9 158 4070
1 0 0 9 159 4071
1 0 0 9 224 5020
1 0 0 9 225 5021
1 0 0 9 226 5022
1 0 0 9 227 5023
1 0 0 9 228 5024
1 0 0 9 229 5025
1 0 0 9 230 5026
1 0 0 9 231 5027
1 0 0 9 232 5028
1 0 0 9 233 5029
1 0 0 9 234 5030
1 0 0 9 235 5031
1 0 0 9 236 5032
1 0 0 9 237 5033
1 0 0 9 238 5034
1 0 0 9 239 5035
1 0 0 9 240 5036
1 0 0 9 241 5037
1 0 0 9 242 5038
1 0 0 9 243 5039
1 0 0 9 244 5040
1 0 0 9 245 5041
1 0 0 9 246 5042
1 0 0 9 247 5043
1 0 0 9 248 5044
1 0 0 9 249 5045
1 0 0 9 250 5046
1 0 0 9 251 5047
1 0 0 9 252 5048
1 0 0 9 253 5049
1 0 0 9 254 5050
1 0 0 9 255 5051
1 0 0 9 96 3720
1 0 0 9 97 3721
1 0 0 9 98 3722
1 0 0 9 99 3723
1 0 0 9 100 3724
1 0 0 9 101 3725
1 0 0 9 102 3726
1 0 0 9 103 3727
1 0 0 9 104 3728
1 0 0 9 105 3729
1 0 0 9 106 3730
1 0 0 9 107 3731
1 0 0 9 108 3732
1 0 0 9 109 3733
1 0 0 9 110 3734
1 0 0 9 111 3735
1 0 0 9 112 3736
1 0 0 9 113 3737
1 0 0 9 114 3738
1 0 0 9 115 3739
1 0 0 9 116 3740
1 0 0 9 117 3741
1 0 0 9 118 3742
1 0 0 9 119 3743
1 0 0 9 120 3744
1 0 0 9 121 3745
1 0 0 9 122 3746
1 0 0 9 123 3747
1 0 0 9 124 3748
1 0 0 9 125 3749
1 0 0 9 126 3750
1 0 0 9 127 3751
0 0 0 10 128 15456
0 0 0 10 129 15457
0 0 0 10 130 15478
0 0 0 10 131 15508
0 0 0 10 132 15595
0 0 0 10 133 15616
0 0 0 10 134 15648
0 0 0 10 135 15681
0 0 0 10 136 15685
0 0 0 10 137 15690
0 0 0 10 138 15702
0 0 0 10 139 15724
0 0 0 10 140 15790
0 0 0 10 141 15870
0 0 0 10 142 16123
0 0 0 10 224 14797
0 0 0 10 225 14814
0 0 0 10 226 14841
0 0 0 10 227 14899
0 0 0 10 228 14931
0 0 0 10 229 14934
0 0 0 10 230 14938
0 0 0 10 231 15078
0 0 0 10 232 15139
0 0 0 10 233 15259
0 0 0 10 234 15407
0 0 0 10 235 15415
0 0 0 10 236 15568
0 0 0 10 237 15587
0 0 0 10 238 15594
0 0 0 10 239 15642
0 0 0 10 240 15715
0 0 0 10 241 15718
0 0 0 10 242 15797
0 0 0 10 243 15802
0 0 0 10 244 15941
0 0 0 10 245 15946
0 0 0 10 246 16087
0 0 0 10 247 16107
0 0 0 10 192 15476
0 0 0 10 193 15518
0 0 0 10 194 15522
0 0 0 10 195 15721
0 0 0 10 196 15848
0 0 0 10 197 15977
0 0 0 10 198 16008
0 0 0 10 199 16037
0 0 0 10 200 16073
0 0 0 10 201 16099
0 0 0 10 202 16105
0 0 0 10 203 16110
0 0 0 10 204 16111
1 0 0 10 128 4072
1 0 0 10 129 4073
1 0 0 10 130 4074
1 0 0 10 131 4075
1 0 0 10 132 4076
1 0 0 10 133 4077
1 0 0 10 134 4078
1 0 0 10 135 4079
1 0 0 10 136 4080
1 0 0 10 137 4081
1 0 0 10 138 4082
1 0 0 10 139 4083
1 0 0 10 140 4084
1 0 0 10 141 4085
1 0 0 10 142 4086
1 0 0 10 192 4719
1 0 0 10 193 4720
1 0 0 10 194 4721
1 0 0 10 195 4722
1 0 0 10 196 4723
1 0 0 10 197 4724
1 0 0 10 198 4725
1 0 0 10 199 4726
1 0 0 10 200 4727
1 0 0 10 201 4728
1 0 0 10 202 4729
1 0 0 10 203 4730
1 0 0 10 204 4731
1 0 0 10 224 5052
1 0 0 10 225 5053
1 0 0 10 226 5054
1 0 0 10 227 5055
1 0 0 10 228 5056
1 0 0 10 229 5057
1 0 0 10 230 5058
1 0 0 10 231 5059
1 0 0 10 232 5060
1 0 0 10 233 5061
1 0 0 10 234 5062
1 0 0 10 235 5063
1 0 0 10 236 5064
1 0 0 10 237 5065
1 0 0 10 238 5066
1 0 0 10 239 5067
1 0 0 10 240 5068
1 0 0 10 241 5069
1 0 0 10 242 5070
1 0 0 10 243 5071
1 0 0 10 244 5072
1 0 0 10 245 5073
1 0 0 10 246 5074
1 0 0 10 247 5075
kernel exe time: 0.248505
spmv passed
