70
151
203
220
236
484
497
519
662
758
785
794
804
809
838
1034
1075
1084
1086
1099
1122
1161
1206
1239
1241
1330
1394
1435
1455
1488
1594
1636
0
20
78
79
88
119
139
140
156
209
231
244
345
400
487
532
709
772
842
898
954
981
985
1034
1079
1097
1142
1171
1257
1287
1406
1434
166
183
214
221
288
299
331
435
450
533
588
622
644
694
771
858
944
964
1005
1017
1083
1246
1284
1316
1332
1358
1367
1404
1421
1458
1461
1553
0
15
29
51
57
248
269
318
346
386
435
448
506
572
584
616
659
821
862
870
905
1151
1184
1194
1199
1206
1216
1224
1308
1344
1387
1392
7
21
69
81
100
167
283
284
381
477
479
577
703
721
730
735
736
826
849
953
997
1086
1100
1104
1117
1208
1258
1375
1407
1453
1461
1502
12
52
176
225
336
341
383
402
471
473
592
598
614
636
693
757
805
808
955
1061
1130
1275
1276
1428
1604
1784
1789
1791
1836
1905
2009
2194
94
98
189
345
356
406
472
502
690
748
829
831
891
912
981
987
1021
1050
1113
1128
1202
1384
1430
1457
1464
1570
1589
1617
1628
1708
1728
1810
19
51
64
86
91
328
333
498
499
533
640
650
682
715
791
837
909
922
984
1149
1159
1162
1172
1203
1208
1272
1383
1401
1424
1577
1615
1697
1743
1850
1888
1908
1925
1949
1954
1987
2023
2087
2091
2116
2141
2301
2325
2328
2403
2428
2508
2514
2549
2590
2617
2635
2762
2843
2950
2969
3085
3086
3087
3190
1644
1966
1973
1999
2011
2092
2142
2192
2217
2354
2362
2373
2397
2446
2465
2476
2505
2576
2604
2672
2795
2811
2896
2920
2945
3016
3087
3169
3188
3304
3307
3359
2241
2293
2381
2414
2448
2455
2464
2524
2610
2653
2690
2714
2724
2727
2757
2934
2966
3001
3055
3116
3126
3201
3377
3418
3598
3646
3652
3754
3780
3919
3921
3982
2062
2075
2144
2353
2365
2400
2410
2463
2496
2648
2761
2766
2788
2882
2931
2949
2950
2961
2977
3053
3158
3288
3345
3362
3381
3459
3482
3566
3571
3673
3679
3687
1522
1558
1659
1690
1764
2022
2044
2058
2063
2072
2095
2162
2188
2201
2295
2376
2384
2387
2428
2483
2587
2686
2702
2730
2945
3049
3055
3067
3109
3127
3137
3149
1412
1452
1491
1513
1526
1544
1580
1588
1622
1653
1662
1685
1723
1774
1784
1818
1886
1943
2013
2027
2032
2043
2089
2093
2163
2198
2208
2269
2315
2377
2412
2439
1571
1719
1820
1999
2078
2140
2211
2263
2298
2314
2369
2385
2477
2532
2606
2609
2638
2678
2685
2920
2941
2945
2953
2965
2993
3004
3037
3079
3112
3180
3233
3250
1448
1509
1570
1665
1709
1754
1799
1819
1953
2012
2037
2053
2084
2116
2163
2191
2195
2267
2351
2367
2383
2386
2405
2426
2478
2511
2583
2628
2653
2701
2722
2734
3236
3270
3294
3380
3397
3414
3437
3476
3539
3607
3685
3832
3848
3865
3868
3922
3981
4042
4061
4236
4369
4421
4507
4511
4519
4539
4575
4577
4780
4819
4847
4944
4094
4247
4294
4436
4663
4669
4693
4754
4776
4797
4870
4927
4935
4937
4955
4978
5060
5066
5177
5197
5244
5290
5337
5343
5347
5389
5454
5658
5671
5729
5764
5794
3362
3496
3562
3648
3651
3728
3739
3761
3873
3903
4035
4112
4158
4185
4210
4285
4325
4335
4408
4410
4431
4643
4663
4717
4718
4792
4813
4884
4886
5006
5009
5040
3695
3702
3744
3816
3953
3968
4069
4180
4194
4196
4205
4212
4213
4222
4224
4290
4334
4355
4430
4488
4498
4508
4647
4660
4814
4894
4929
4958
4987
5062
5132
5165
3225
3227
3302
3305
3307
3392
3511
3561
3565
3596
3601
3629
3649
3664
3724
3873
4024
4050
4064
4098
4193
4256
4339
4370
4399
4419
4445
4612
4619
4651
4666
4709
2450
2453
2522
2555
2668
2696
2735
2779
2784
2867
2937
3017
3034
3042
3109
3110
3143
3177
3209
3223
3236
3336
3403
3501
3599
3652
3692
3709
3773
3780
3894
4095
2755
2758
2770
2806
2916
3016
3057
3135
3253
3254
3264
3282
3297
3398
3504
3509
3517
3546
3570
3686
3720
3786
3860
3883
3896
3914
3946
3977
3991
4013
4024
4031
3290
3305
3323
3325
3364
3372
3410
3435
3455
3520
3521
3537
3641
3665
3685
3740
3767
3927
4100
4198
4256
4354
4364
4368
4401
4440
4533
4586
4603
4619
4632
4673
5054
5060
5136
5176
5388
5431
5497
5510
5565
5646
5841
5866
5900
5901
5911
5925
5953
5997
6001
6003
6030
6062
6126
6136
6186
6259
6274
6289
6325
6360
6419
6436
5193
5266
5340
5353
5358
5386
5460
5513
5519
5520
5586
5609
5630
5642
5643
5680
5689
5694
5711
5752
5832
5914
5935
5977
6003
6077
6078
6079
6082
6228
6244
6271
5045
5059
5092
5122
5156
5399
5416
5417
5451
5562
5588
5676
5739
5937
5966
6028
6157
6250
6295
6306
6356
6507
6576
6603
6616
6698
6730
6752
6753
6769
6964
7025
5823
5971
6005
6028
6040
6046
6141
6164
6225
6228
6324
6328
6393
6408
6416
6472
6479
6611
6698
6756
6758
6826
6842
6887
7097
7122
7142
7191
7231
7246
7276
7297
4733
4812
4831
4891
4946
4956
4986
5037
5088
5160
5198
5287
5344
5365
5459
5462
5492
5563
5576
5638
5915
5938
6019
6050
6102
6146
6242
6258
6328
6425
6439
6500
4162
4278
4347
4395
4458
4586
4654
4673
4706
4712
4794
4869
4873
4947
4977
5007
5027
5029
5033
5089
5136
5139
5175
5176
5311
5398
5490
5532
5537
5624
5657
5685
4734
4754
4901
4941
4947
5049
5070
5203
5204
5205
5248
5267
5340
5359
5388
5433
5454
5460
5533
5542
5554
5555
5562
5608
5613
5642
5647
5673
5997
6153
6243
6371
4213
4259
4285
4369
4386
4444
4559
4590
4696
4803
4888
4909
4936
4966
4972
4996
5022
5026
5034
5087
5243
5247
5280
5351
5353
5401
5415
5487
5821
5857
5941
5967
6537
6587
6634
6751
6766
6789
6814
6825
6836
6904
6928
7115
7116
7157
7192
7229
7275
7360
7458
7539
7557
7561
7576
7582
7593
7705
7812
7829
7836
7909
7927
7937
6500
6512
6519
6552
6604
6804
6809
6811
6840
6842
6936
6986
7056
7092
7153
7185
7252
7339
7376
7399
7409
7430
7456
7547
7577
7764
7780
7795
7822
7860
7878
7914
5993
6019
6139
6248
6249
6285
6348
6352
6413
6420
6431
6436
6457
6504
6528
6542
6570
6634
6635
6689
6691
6737
6763
6772
6833
6875
6876
6907
6913
6998
7016
7025
6371
6393
6395
6432
6447
6476
6582
6599
6615
6619
6711
6741
6772
6842
6862
6886
6951
6986
6990
7127
7159
7241
7308
7370
7402
7416
7543
7596
7599
7660
7668
7800
6548
6567
6582
6614
6625
6643
6877
6887
6912
6915
6984
7051
7054
7095
7116
7148
7166
7212
7260
7468
7487
7523
7552
7677
7679
7695
7732
7761
7788
7812
7813
7863
7330
7342
7684
7790
7829
7866
7899
7904
7909
8126
8164
8279
8294
8349
8368
8423
8456
8493
8541
8551
8583
8666
8681
8836
8855
9037
9093
9122
9193
9208
9238
9336
7060
7085
7137
7248
7263
7278
7290
7297
7325
7357
7362
7363
7475
7577
7606
7690
7698
7776
7843
7892
7893
8007
8075
8105
8116
8147
8172
8234
8276
8310
8323
8378
5769
5783
5836
5877
6002
6076
6109
6134
6213
6224
6233
6315
6327
6362
6464
6474
6478
6505
6557
6637
6890
6965
6979
7008
7207
7224
7242
7293
7367
7407
7476
7498
7158
7198
7199
7350
7359
7560
7566
7574
7669
7708
7729
7756
7790
7802
7899
7933
7946
7975
8037
8071
8082
8095
8106
8157
8177
8238
8307
8368
8372
8407
8575
8656
7930
7995
7996
8020
8050
8070
8076
8188
8219
8320
8409
8442
8449
8464
8536
8543
8591
8653
8661
8741
8833
8835
8939
8963
9034
9046
9072
9115
9162
9239
9248
9307
8005
8011
8083
8089
8181
8216
8219
8249
8250
8308
8369
8378
8442
8457
8462
8465
8496
8501
8522
8527
8533
8637
8662
8744
8865
9011
9015
9082
9083
9112
9142
9191
7502
7567
7576
7643
7649
7758
7774
7844
7860
7878
7906
7962
7971
7990
8016
8112
8169
8179
8190
8204
8217
8225
8436
8492
8580
8671
8702
8724
8836
8867
8946
8987
7809
7834
7950
7992
8052
8178
8184
8257
8348
8389
8461
8554
8560
8562
8596
8603
8637
8690
8717
8749
8751
8846
8972
9014
9025
9030
9048
9096
9102
9141
9193
9217
7872
7919
7921
7978
8014
8092
8112
8288
8465
8518
8538
8566
8568
8662
8680
8726
8731
8745
8771
8822
8908
8996
9112
9151
9178
9186
9197
9204
9334
9358
9385
9467
9383
9418
9442
9498
9583
9735
9887
9897
9948
9971
9984
10052
10074
10087
10091
10134
10149
10197
10300
10333
10463
10483
10533
10547
10578
10705
10803
10886
10910
10956
10966
10970
8442
8528
8536
8540
8578
8637
8745
8764
8829
8889
8965
8982
8989
9094
9108
9130
9137
9140
9184
9192
9206
9265
9307
9338
9363
9411
9429
9434
9441
9473
9595
9614
8796
8817
8866
9080
9105
9155
9227
9242
9275
9293
9305
9358
9446
9481
9499
9526
9562
9596
9678
9723
9738
9741
9907
9937
9986
9993
10006
10081
10110
10158
10200
10256
9395
9414
9421
9542
9594
9620
9708
9770
9780
9814
9867
9887
9899
10073
10124
10186
10218
10282
10392
10393
10428
10557
10700
10723
10755
10796
10798
10805
10845
10852
10856
10895
9702
9771
9825
9891
9982
9994
10018
10047
10071
10130
10163
10228
10245
10262
10383
10539
10688
10734
10817
10991
11017
11067
11069
11088
11123
11193
11205
11235
11274
11293
11520
11568
9334
9365
9376
9382
9506
9535
9586
9676
9760
9841
9856
9959
9995
10184
10219
10318
10342
10417
10450
10610
10622
10647
10731
10751
10776
10806
10874
11101
11165
11175
11182
11272
9232
9419
9456
9471
9515
9540
9628
9683
9747
9778
9831
9930
9986
10053
10085
10210
10371
10391
10489
10569
10600
10618
10621
10630
10678
10697
10754
10768
10796
10801
10803
10809
9036
9064
9073
9116
9128
9150
9270
9290
9403
9442
9585
9694
9706
9747
9800
9895
9902
9925
9967
10060
10163
10174
10180
10220
10227
10254
10295
10348
10380
10448
10476
10573
11067
11102
11176
11218
11250
11304
11347
11368
11427
11480
11517
11541
11852
11856
11873
12000
12053
12074
12180
12182
12185
12188
12249
12271
12363
12515
12539
12569
12595
12850
12871
12900
9469
9488
9509
9510
9572
9593
9697
9725
9742
9770
9772
9786
9843
10031
10174
10193
10198
10267
10295
10441
10534
10749
10812
10824
10928
10945
11049
11093
11193
11194
11340
11368
10579
10595
10618
10630
10669
10724
10752
10916
10976
11128
11131
11183
11218
11304
11325
11428
11430
11636
11667
11914
12046
12061
12205
12242
12297
12301
12304
12500
12517
12526
12532
12666
10846
10855
10868
11052
11056
11115
11218
11219
11272
11279
11508
11563
11645
11677
11746
11772
11779
11834
11901
11949
11967
11999
12013
12031
12052
12078
12218
12383
12415
12419
12483
12571
10928
10940
10946
11040
11178
11253
11258
11328
11337
11364
11386
11401
11451
11456
11463
11517
11593
11630
11658
11671
11693
11896
11998
12004
12073
12142
12148
12163
12173
12194
12266
12369
10362
10364
10413
10455
10458
10480
10498
10589
10605
10622
10646
10651
10666
10670
10687
10688
10704
10730
10782
10844
10881
10914
10952
11018
11025
11049
11119
11125
11156
11165
11174
11405
11281
11441
11475
11518
11526
11529
11563
11598
11665
11731
11763
11769
11827
11848
11883
11942
12005
12015
12051
12065
12182
12279
12281
12283
12298
12309
12408
12445
12465
12560
12580
12593
11390
11428
11430
11490
11698
11720
11737
11808
11851
11860
11940
11973
12066
12139
12307
12388
12570
12714
12920
12989
13011
13149
13173
13177
13178
13203
13253
13356
13484
13566
13637
13669
12984
13009
13031
13098
13258
13261
13325
13352
13365
13423
13455
13465
13491
13594
13619
13731
13747
13778
13857
13932
14005
14108
14143
14183
14235
14351
14358
14399
14403
14423
14436
14460
11602
11630
11742
11747
11872
11912
11915
12045
12082
12146
12165
12251
12267
12321
12330
12413
12422
12462
12482
12518
12551
12767
12774
12898
12928
12988
12997
13105
13132
13193
13279
13321
13762
13763
13878
13909
13985
14002
14012
14018
14047
14073
14083
14085
14127
14197
14216
14259
14280
14380
14411
14496
14501
14553
14607
14667
14748
14750
14835
15048
15124
15125
15149
15214
12728
12815
12893
12929
12987
13032
13147
13231
13295
13318
13410
13466
13497
13588
13600
13773
13783
13861
13893
13939
13970
14053
14056
14075
14179
14246
14249
14255
14437
14470
14596
14633
12701
12745
12760
12828
12971
13083
13101
13140
13179
13241
13276
13323
13428
13434
13554
13582
13614
13635
13664
13666
13686
13747
13756
13817
13874
13879
13944
13948
13992
14153
14173
14230
12586
12600
12614
12637
12650
12656
12669
12760
12761
12804
12841
12844
13226
13290
13321
13344
13364
13438
13465
13491
13539
13559
13766
13810
14003
14057
14162
14168
14291
14419
14477
14492
11449
11495
11577
11669
11742
11832
11909
11943
12094
12288
12518
12557
12572
12609
12689
12698
12716
12722
12740
12839
12852
12869
12897
12908
12911
12989
13070
13100
13287
13325
13420
13437
12389
12390
12405
12447
12555
12631
12638
12667
12710
12715
12741
12764
12848
12853
12879
12924
13004
13023
13248
13250
13252
13330
13335
13449
13504
13609
13640
13679
13681
13684
13720
13747
14481
14539
14554
14561
14640
14688
14770
14772
14859
14898
14943
15001
15028
15033
15121
15174
15296
15316
15388
15392
15446
15458
15477
15487
15541
15562
15574
15680
15687
15712
15722
15734
13339
13435
13453
13461
13467
13555
13563
13567
13728
13732
13767
13783
13805
13900
14070
14095
14120
14156
14281
14307
14310
14337
14398
14526
14738
14757
14821
14849
14904
14958
14983
15051
15775
15822
15878
15883
15884
15901
15913
15968
16039
16051
16101
16122
16123
15235
15267
15305
15379
15384
15406
15431
15497
15597
15797
15880
15905
15973
16109
14650
14865
14948
14950
14951
15146
15192
15276
15359
15388
15455
15489
15515
15542
15564
15601
15616
15623
15764
15835
15895
15958
15993
16068
15096
15124
15262
15277
15444
15493
15526
15529
15587
15602
15643
15674
15692
15756
15820
15829
15852
15928
15930
16011
16030
16084
16095
16122
14497
14502
14540
14572
14599
14767
14784
14787
14799
14805
14912
15011
15027
15047
15075
15177
15243
15246
15274
15350
15354
15459
15588
15591
15608
15645
15830
15922
16058
16105
14258
14261
14344
14346
14371
14465
14526
14602
14699
14818
14857
14867
14878
14888
15002
15050
15065
15095
15158
15169
15192
15273
15335
15353
15372
15378
15382
15428
15443
15502
15533
15599
13760
13899
13922
13985
14160
14163
14190
14250
14318
14324
14342
14377
14395
14432
14533
14552
14567
14569
14598
14599
14679
14767
14813
14846
14862
15071
15119
15327
15387
15418
15489
15498
13453
13475
13487
13574
13615
13832
13890
13892
13926
14044
14054
14055
14145
14169
14207
14228
14255
14451
14499
14538
14556
14602
14694
14711
14915
14990
15105
15255
15321
15377
15460
15568
15663
15849
15950
15952
16023
16080
15821
15858
15900
15935
15978
16065
16091
16104
15602
15697
15804
15907
15945
16006
16026
16035
kernel exe time: 0.00618672
spmv passed
