2 0 0 0 0 0
2 0 0 0 1 4
2 0 0 0 2 16
2 0 0 0 3 31
2 0 0 0 4 58
2 0 0 0 5 81
2 0 0 0 6 89
2 0 0 0 7 90
2 0 0 0 8 114
2 0 0 0 9 123
2 0 0 0 10 124
2 0 0 0 11 137
2 0 0 0 12 157
2 0 0 0 13 162
2 0 0 0 14 181
2 0 0 0 15 190
2 0 0 0 16 192
2 0 0 0 17 198
2 0 0 0 18 209
2 0 0 0 19 210
2 0 0 0 20 222
2 0 0 0 21 230
2 0 0 0 22 237
2 0 0 0 23 238
2 0 0 0 24 257
2 0 0 0 25 258
2 0 0 0 26 272
2 0 0 0 27 284
2 0 0 0 28 287
2 0 0 0 29 295
2 0 0 0 30 332
2 0 0 0 31 342
2 0 0 0 96 6
2 0 0 0 97 8
2 0 0 0 98 11
2 0 0 0 99 16
2 0 0 0 100 24
2 0 0 0 101 33
2 0 0 0 102 71
2 0 0 0 103 72
2 0 0 0 104 87
2 0 0 0 105 96
2 0 0 0 106 97
2 0 0 0 107 101
2 0 0 0 108 102
2 0 0 0 109 103
2 0 0 0 110 108
2 0 0 0 111 120
2 0 0 0 112 159
2 0 0 0 113 160
2 0 0 0 114 173
2 0 0 0 115 174
2 0 0 0 116 186
2 0 0 0 117 191
2 0 0 0 118 210
2 0 0 0 119 215
2 0 0 0 120 244
2 0 0 0 121 247
2 0 0 0 122 249
2 0 0 0 123 251
2 0 0 0 124 254
2 0 0 0 125 261
2 0 0 0 126 278
2 0 0 0 127 298
2 0 0 0 32 30
2 0 0 0 33 34
2 0 0 0 34 35
2 0 0 0 35 37
2 0 0 0 36 52
2 0 0 0 37 66
2 0 0 0 38 70
2 0 0 0 39 71
2 0 0 0 40 88
2 0 0 0 41 90
2 0 0 0 42 92
2 0 0 0 43 94
2 0 0 0 44 98
2 0 0 0 45 108
2 0 0 0 46 109
2 0 0 0 47 153
2 0 0 0 48 159
2 0 0 0 49 191
2 0 0 0 50 197
2 0 0 0 51 198
2 0 0 0 52 222
2 0 0 0 53 229
2 0 0 0 54 240
2 0 0 0 55 250
2 0 0 0 56 256
2 0 0 0 57 262
2 0 0 0 58 267
2 0 0 0 59 268
2 0 0 0 60 280
2 0 0 0 61 282
2 0 0 0 62 287
2 0 0 0 63 290
2 0 0 0 64 9
2 0 0 0 65 13
2 0 0 0 66 19
2 0 0 0 67 20
2 0 0 0 68 25
2 0 0 0 69 99
2 0 0 0 70 114
2 0 0 0 71 181
2 0 0 0 72 192
2 0 0 0 73 202
2 0 0 0 74 217
2 0 0 0 75 218
2 0 0 0 76 227
2 0 0 0 77 259
2 0 0 0 78 274
2 0 0 0 79 280
2 0 0 0 80 294
2 0 0 0 81 303
2 0 0 0 82 308
2 0 0 0 83 334
2 0 0 0 84 338
2 0 0 0 85 344
2 0 0 0 86 358
2 0 0 0 87 362
2 0 0 0 88 368
2 0 0 0 89 375
2 0 0 0 90 405
2 0 0 0 91 411
2 0 0 0 92 422
2 0 0 0 93 424
2 0 0 0 94 483
2 0 0 0 95 497
2 0 0 0 160 0
2 0 0 0 161 12
2 0 0 0 162 14
2 0 0 0 163 21
2 0 0 0 164 27
2 0 0 0 165 29
2 0 0 0 166 31
2 0 0 0 167 45
2 0 0 0 168 64
2 0 0 0 169 122
2 0 0 0 170 141
2 0 0 0 171 154
2 0 0 0 172 175
2 0 0 0 173 178
2 0 0 0 174 192
2 0 0 0 175 211
2 0 0 0 176 216
2 0 0 0 177 217
2 0 0 0 178 221
2 0 0 0 179 230
2 0 0 0 180 234
2 0 0 0 181 242
2 0 0 0 182 267
2 0 0 0 183 272
2 0 0 0 184 291
2 0 0 0 185 307
2 0 0 0 186 308
2 0 0 0 187 318
2 0 0 0 188 327
2 0 0 0 189 352
2 0 0 0 190 353
2 0 0 0 191 356
2 0 0 0 192 6
2 0 0 0 193 16
2 0 0 0 194 17
2 0 0 0 195 22
2 0 0 0 196 24
2 0 0 0 197 27
2 0 0 0 198 39
2 0 0 0 199 84
2 0 0 0 200 103
2 0 0 0 201 124
2 0 0 0 202 151
2 0 0 0 203 168
2 0 0 0 204 176
2 0 0 0 205 195
2 0 0 0 206 208
2 0 0 0 207 217
2 0 0 0 208 250
2 0 0 0 209 253
2 0 0 0 210 255
2 0 0 0 211 256
2 0 0 0 212 257
2 0 0 0 213 262
2 0 0 0 214 269
2 0 0 0 215 276
2 0 0 0 216 288
2 0 0 0 217 290
2 0 0 0 218 315
2 0 0 0 219 316
2 0 0 0 220 319
2 0 0 0 221 322
2 0 0 0 222 326
2 0 0 0 223 331
2 0 0 0 128 17
2 0 0 0 129 18
2 0 0 0 130 35
2 0 0 0 131 40
2 0 0 0 132 84
2 0 0 0 133 97
2 0 0 0 134 106
2 0 0 0 135 110
2 0 0 0 136 113
2 0 0 0 137 132
2 0 0 0 138 143
2 0 0 0 139 147
2 0 0 0 140 148
2 0 0 0 141 152
2 0 0 0 142 171
2 0 0 0 143 176
2 0 0 0 144 183
2 0 0 0 145 196
2 0 0 0 146 197
2 0 0 0 147 203
2 0 0 0 148 205
2 0 0 0 149 207
2 0 0 0 150 222
2 0 0 0 151 225
2 0 0 0 152 246
2 0 0 0 153 269
2 0 0 0 154 282
2 0 0 0 155 290
2 0 0 0 156 305
2 0 0 0 157 309
2 0 0 0 158 315
2 0 0 0 159 326
2 0 0 0 224 30
2 0 0 0 225 43
2 0 0 0 226 47
2 0 0 0 227 56
2 0 0 0 228 70
2 0 0 0 229 93
2 0 0 0 230 97
2 0 0 0 231 112
2 0 0 0 232 114
2 0 0 0 233 118
2 0 0 0 234 120
2 0 0 0 235 126
2 0 0 0 236 127
2 0 0 0 237 132
2 0 0 0 238 141
2 0 0 0 239 162
2 0 0 0 240 195
2 0 0 0 241 205
2 0 0 0 242 208
2 0 0 0 243 216
2 0 0 0 244 218
2 0 0 0 245 225
2 0 0 0 246 227
2 0 0 0 247 240
2 0 0 0 248 247
2 0 0 0 249 250
2 0 0 0 250 258
2 0 0 0 251 259
2 0 0 0 252 261
2 0 0 0 253 266
2 0 0 0 254 291
2 0 0 0 255 301
2 0 0 1 64 501
2 0 0 1 65 507
2 0 0 1 66 509
2 0 0 1 67 516
2 0 0 1 68 521
2 0 0 1 69 537
2 0 0 1 70 538
2 0 0 1 71 541
2 0 0 1 72 558
2 0 0 1 73 563
2 0 0 1 74 566
2 0 0 1 75 577
2 0 0 1 76 579
2 0 0 1 77 596
2 0 0 1 78 598
2 0 0 1 79 599
2 0 0 1 80 607
2 0 0 1 81 610
2 0 0 1 82 616
2 0 0 1 83 665
2 0 0 1 84 668
2 0 0 1 85 674
2 0 0 1 86 680
2 0 0 1 87 683
2 0 0 1 88 686
2 0 0 1 89 688
2 0 0 1 90 691
2 0 0 1 91 696
2 0 0 1 92 697
2 0 0 1 93 717
2 0 0 1 94 719
2 0 0 1 95 735
2 0 0 1 0 358
2 0 0 1 1 359
2 0 0 1 2 360
2 0 0 1 3 375
2 0 0 1 4 382
2 0 0 1 5 389
2 0 0 1 6 390
2 0 0 1 7 392
2 0 0 1 8 395
2 0 0 1 9 406
2 0 0 1 10 418
2 0 0 1 11 443
2 0 0 1 12 447
2 0 0 1 13 452
2 0 0 1 14 454
2 0 0 1 15 477
2 0 0 1 16 481
2 0 0 1 17 489
2 0 0 1 18 490
2 0 0 1 19 505
2 0 0 1 20 558
2 0 0 1 21 565
2 0 0 1 22 587
2 0 0 1 23 596
2 0 0 1 24 600
2 0 0 1 25 604
2 0 0 1 26 617
2 0 0 1 27 635
2 0 0 1 28 636
2 0 0 1 29 646
2 0 0 1 30 647
2 0 0 1 31 653
2 0 0 1 32 318
2 0 0 1 33 325
2 0 0 1 34 333
2 0 0 1 35 344
2 0 0 1 36 353
2 0 0 1 37 355
2 0 0 1 38 357
2 0 0 1 39 365
2 0 0 1 40 376
2 0 0 1 41 400
2 0 0 1 42 401
2 0 0 1 43 413
2 0 0 1 44 429
2 0 0 1 45 462
2 0 0 1 46 482
2 0 0 1 47 486
2 0 0 1 48 488
2 0 0 1 49 505
2 0 0 1 50 508
2 0 0 1 51 517
2 0 0 1 52 522
2 0 0 1 53 523
2 0 0 1 54 540
2 0 0 1 55 552
2 0 0 1 56 559
2 0 0 1 57 561
2 0 0 1 58 565
2 0 0 1 59 566
2 0 0 1 60 587
2 0 0 1 61 616
2 0 0 1 62 632
2 0 0 1 63 650
2 0 0 1 128 331
2 0 0 1 129 345
2 0 0 1 130 347
2 0 0 1 131 348
2 0 0 1 132 362
2 0 0 1 133 367
2 0 0 1 134 374
2 0 0 1 135 399
2 0 0 1 136 404
2 0 0 1 137 405
2 0 0 1 138 416
2 0 0 1 139 422
2 0 0 1 140 440
2 0 0 1 141 443
2 0 0 1 142 468
2 0 0 1 143 478
2 0 0 1 144 485
2 0 0 1 145 496
2 0 0 1 146 503
2 0 0 1 147 507
2 0 0 1 148 517
2 0 0 1 149 534
2 0 0 1 150 537
2 0 0 1 151 548
2 0 0 1 152 553
2 0 0 1 153 567
2 0 0 1 154 573
2 0 0 1 155 586
2 0 0 1 156 592
2 0 0 1 157 596
2 0 0 1 158 604
2 0 0 1 159 607
2 0 0 1 160 377
2 0 0 1 161 391
2 0 0 1 162 398
2 0 0 1 163 406
2 0 0 1 164 409
2 0 0 1 165 413
2 0 0 1 166 439
2 0 0 1 167 450
2 0 0 1 168 460
2 0 0 1 169 486
2 0 0 1 170 494
2 0 0 1 171 499
2 0 0 1 172 506
2 0 0 1 173 551
2 0 0 1 174 565
2 0 0 1 175 566
2 0 0 1 176 568
2 0 0 1 177 570
2 0 0 1 178 573
2 0 0 1 179 621
2 0 0 1 180 622
2 0 0 1 181 632
2 0 0 1 182 634
2 0 0 1 183 644
2 0 0 1 184 645
2 0 0 1 185 652
2 0 0 1 186 655
2 0 0 1 187 671
2 0 0 1 188 677
2 0 0 1 189 681
2 0 0 1 190 699
2 0 0 1 191 710
2 0 0 1 224 308
2 0 0 1 225 309
2 0 0 1 226 310
2 0 0 1 227 328
2 0 0 1 228 337
2 0 0 1 229 344
2 0 0 1 230 347
2 0 0 1 231 355
2 0 0 1 232 361
2 0 0 1 233 365
2 0 0 1 234 366
2 0 0 1 235 379
2 0 0 1 236 389
2 0 0 1 237 400
2 0 0 1 238 401
2 0 0 1 239 410
2 0 0 1 240 414
2 0 0 1 241 417
2 0 0 1 242 441
2 0 0 1 243 448
2 0 0 1 244 451
2 0 0 1 245 475
2 0 0 1 246 506
2 0 0 1 247 525
2 0 0 1 248 545
2 0 0 1 249 560
2 0 0 1 250 562
2 0 0 1 251 572
2 0 0 1 252 573
2 0 0 1 253 598
2 0 0 1 254 614
2 0 0 1 255 627
2 0 0 1 96 317
2 0 0 1 97 325
2 0 0 1 98 345
2 0 0 1 99 348
2 0 0 1 100 353
2 0 0 1 101 355
2 0 0 1 102 356
2 0 0 1 103 359
2 0 0 1 104 363
2 0 0 1 105 378
2 0 0 1 106 383
2 0 0 1 107 403
2 0 0 1 108 405
2 0 0 1 109 432
2 0 0 1 110 433
2 0 0 1 111 438
2 0 0 1 112 439
2 0 0 1 113 440
2 0 0 1 114 442
2 0 0 1 115 446
2 0 0 1 116 472
2 0 0 1 117 494
2 0 0 1 118 533
2 0 0 1 119 547
2 0 0 1 120 552
2 0 0 1 121 561
2 0 0 1 122 562
2 0 0 1 123 577
2 0 0 1 124 582
2 0 0 1 125 587
2 0 0 1 126 613
2 0 0 1 127 615
2 0 0 1 192 379
2 0 0 1 193 381
2 0 0 1 194 390
2 0 0 1 195 412
2 0 0 1 196 416
2 0 0 1 197 424
2 0 0 1 198 428
2 0 0 1 199 435
2 0 0 1 200 436
2 0 0 1 201 444
2 0 0 1 202 458
2 0 0 1 203 474
2 0 0 1 204 480
2 0 0 1 205 485
2 0 0 1 206 502
2 0 0 1 207 526
2 0 0 1 208 528
2 0 0 1 209 531
2 0 0 1 210 534
2 0 0 1 211 536
2 0 0 1 212 541
2 0 0 1 213 549
2 0 0 1 214 578
2 0 0 1 215 580
2 0 0 1 216 595
2 0 0 1 217 607
2 0 0 1 218 609
2 0 0 1 219 630
2 0 0 1 220 634
2 0 0 1 221 635
2 0 0 1 222 641
2 0 0 1 223 670
2 0 0 2 0 666
2 0 0 2 1 691
2 0 0 2 2 705
2 0 0 2 3 715
2 0 0 2 4 716
2 0 0 2 5 726
2 0 0 2 6 731
2 0 0 2 7 746
2 0 0 2 8 765
2 0 0 2 9 768
2 0 0 2 10 771
2 0 0 2 11 783
2 0 0 2 12 807
2 0 0 2 13 821
2 0 0 2 14 828
2 0 0 2 15 832
2 0 0 2 16 845
2 0 0 2 17 849
2 0 0 2 18 872
2 0 0 2 19 905
2 0 0 2 20 908
2 0 0 2 21 911
2 0 0 2 22 916
2 0 0 2 23 918
2 0 0 2 24 931
2 0 0 2 25 965
2 0 0 2 26 969
2 0 0 2 27 976
2 0 0 2 28 985
2 0 0 2 29 1006
2 0 0 2 30 1007
2 0 0 2 31 1010
2 0 0 2 32 657
2 0 0 2 33 662
2 0 0 2 34 676
2 0 0 2 35 683
2 0 0 2 36 729
2 0 0 2 37 731
2 0 0 2 38 753
2 0 0 2 39 764
2 0 0 2 40 771
2 0 0 2 41 779
2 0 0 2 42 808
2 0 0 2 43 834
2 0 0 2 44 835
2 0 0 2 45 894
2 0 0 2 46 913
2 0 0 2 47 926
2 0 0 2 48 936
2 0 0 2 49 952
2 0 0 2 50 985
2 0 0 2 51 988
2 0 0 2 52 1008
2 0 0 2 53 1023
2 0 0 2 54 1043
2 0 0 2 55 1045
2 0 0 2 56 1046
2 0 0 2 57 1066
2 0 0 2 58 1071
2 0 0 2 59 1078
2 0 0 2 60 1104
2 0 0 2 61 1109
2 0 0 2 62 1131
2 0 0 2 63 1162
2 0 0 2 192 686
2 0 0 2 193 691
2 0 0 2 194 711
2 0 0 2 195 722
2 0 0 2 196 737
2 0 0 2 197 740
2 0 0 2 198 744
2 0 0 2 199 749
2 0 0 2 200 750
2 0 0 2 201 776
2 0 0 2 202 805
2 0 0 2 203 807
2 0 0 2 204 808
2 0 0 2 205 817
2 0 0 2 206 819
2 0 0 2 207 821
2 0 0 2 208 824
2 0 0 2 209 826
2 0 0 2 210 840
2 0 0 2 211 841
2 0 0 2 212 844
2 0 0 2 213 847
2 0 0 2 214 852
2 0 0 2 215 857
2 0 0 2 216 864
2 0 0 2 217 870
2 0 0 2 218 875
2 0 0 2 219 876
2 0 0 2 220 878
2 0 0 2 221 880
2 0 0 2 222 881
2 0 0 2 223 882
2 0 0 2 64 743
2 0 0 2 65 761
2 0 0 2 66 776
2 0 0 2 67 779
2 0 0 2 68 795
2 0 0 2 69 801
2 0 0 2 70 803
2 0 0 2 71 820
2 0 0 2 72 824
2 0 0 2 73 828
2 0 0 2 74 838
2 0 0 2 75 853
2 0 0 2 76 875
2 0 0 2 77 897
2 0 0 2 78 900
2 0 0 2 79 918
2 0 0 2 80 921
2 0 0 2 81 939
2 0 0 2 82 945
2 0 0 2 83 948
2 0 0 2 84 951
2 0 0 2 85 961
2 0 0 2 86 966
2 0 0 2 87 968
2 0 0 2 88 973
2 0 0 2 89 985
2 0 0 2 90 1001
2 0 0 2 91 1010
2 0 0 2 92 1011
2 0 0 2 93 1018
2 0 0 2 94 1051
2 0 0 2 95 1056
2 0 0 2 128 638
2 0 0 2 129 639
2 0 0 2 130 641
2 0 0 2 131 671
2 0 0 2 132 684
2 0 0 2 133 700
2 0 0 2 134 704
2 0 0 2 135 711
2 0 0 2 136 720
2 0 0 2 137 741
2 0 0 2 138 751
2 0 0 2 139 762
2 0 0 2 140 770
2 0 0 2 141 785
2 0 0 2 142 794
2 0 0 2 143 809
2 0 0 2 144 814
2 0 0 2 145 817
2 0 0 2 146 829
2 0 0 2 147 838
2 0 0 2 148 840
2 0 0 2 149 843
2 0 0 2 150 851
2 0 0 2 151 853
2 0 0 2 152 884
2 0 0 2 153 886
2 0 0 2 154 910
2 0 0 2 155 914
2 0 0 2 156 920
2 0 0 2 157 935
2 0 0 2 158 950
2 0 0 2 159 966
2 0 0 2 224 632
2 0 0 2 225 633
2 0 0 2 226 642
2 0 0 2 227 647
2 0 0 2 228 650
2 0 0 2 229 656
2 0 0 2 230 700
2 0 0 2 231 704
2 0 0 2 232 713
2 0 0 2 233 716
2 0 0 2 234 717
2 0 0 2 235 720
2 0 0 2 236 729
2 0 0 2 237 731
2 0 0 2 238 738
2 0 0 2 239 757
2 0 0 2 240 761
2 0 0 2 241 783
2 0 0 2 242 797
2 0 0 2 243 801
2 0 0 2 244 829
2 0 0 2 245 836
2 0 0 2 246 849
2 0 0 2 247 851
2 0 0 2 248 875
2 0 0 2 249 885
2 0 0 2 250 891
2 0 0 2 251 892
2 0 0 2 252 910
2 0 0 2 253 926
2 0 0 2 254 929
2 0 0 2 255 945
2 0 0 2 160 711
2 0 0 2 161 713
2 0 0 2 162 723
2 0 0 2 163 726
2 0 0 2 164 740
2 0 0 2 165 748
2 0 0 2 166 753
2 0 0 2 167 761
2 0 0 2 168 766
2 0 0 2 169 768
2 0 0 2 170 771
2 0 0 2 171 790
2 0 0 2 172 798
2 0 0 2 173 800
2 0 0 2 174 804
2 0 0 2 175 812
2 0 0 2 176 814
2 0 0 2 177 817
2 0 0 2 178 834
2 0 0 2 179 856
2 0 0 2 180 879
2 0 0 2 181 883
2 0 0 2 182 889
2 0 0 2 183 896
2 0 0 2 184 911
2 0 0 2 185 913
2 0 0 2 186 916
2 0 0 2 187 926
2 0 0 2 188 931
2 0 0 2 189 949
2 0 0 2 190 951
2 0 0 2 191 985
2 0 0 2 96 619
2 0 0 2 97 631
2 0 0 2 98 633
2 0 0 2 99 658
2 0 0 2 100 710
2 0 0 2 101 714
2 0 0 2 102 729
2 0 0 2 103 737
2 0 0 2 104 757
2 0 0 2 105 766
2 0 0 2 106 768
2 0 0 2 107 782
2 0 0 2 108 791
2 0 0 2 109 820
2 0 0 2 110 822
2 0 0 2 111 827
2 0 0 2 112 832
2 0 0 2 113 850
2 0 0 2 114 862
2 0 0 2 115 877
2 0 0 2 116 940
2 0 0 2 117 943
2 0 0 2 118 955
2 0 0 2 119 956
2 0 0 2 120 959
2 0 0 2 121 974
2 0 0 2 122 982
2 0 0 2 123 1020
2 0 0 2 124 1024
2 0 0 2 125 1033
2 0 0 2 126 1039
2 0 0 2 127 1046
2 0 0 3 0 1015
2 0 0 3 1 1032
2 0 0 3 2 1038
2 0 0 3 3 1056
2 0 0 3 4 1062
2 0 0 3 5 1089
2 0 0 3 6 1096
2 0 0 3 7 1098
2 0 0 3 8 1107
2 0 0 3 9 1110
2 0 0 3 10 1116
2 0 0 3 11 1117
2 0 0 3 12 1122
2 0 0 3 13 1128
2 0 0 3 14 1136
2 0 0 3 15 1145
2 0 0 3 16 1166
2 0 0 3 17 1173
2 0 0 3 18 1196
2 0 0 3 19 1197
2 0 0 3 20 1215
2 0 0 3 21 1217
2 0 0 3 22 1237
2 0 0 3 23 1241
2 0 0 3 24 1253
2 0 0 3 25 1277
2 0 0 3 26 1286
2 0 0 3 27 1301
2 0 0 3 28 1310
2 0 0 3 29 1316
2 0 0 3 30 1356
2 0 0 3 31 1365
2 0 0 3 160 991
2 0 0 3 161 1005
2 0 0 3 162 1016
2 0 0 3 163 1021
2 0 0 3 164 1034
2 0 0 3 165 1045
2 0 0 3 166 1057
2 0 0 3 167 1062
2 0 0 3 168 1065
2 0 0 3 169 1079
2 0 0 3 170 1081
2 0 0 3 171 1096
2 0 0 3 172 1108
2 0 0 3 173 1143
2 0 0 3 174 1149
2 0 0 3 175 1154
2 0 0 3 176 1168
2 0 0 3 177 1209
2 0 0 3 178 1228
2 0 0 3 179 1252
2 0 0 3 180 1257
2 0 0 3 181 1266
2 0 0 3 182 1286
2 0 0 3 183 1291
2 0 0 3 184 1305
2 0 0 3 185 1314
2 0 0 3 186 1337
2 0 0 3 187 1348
2 0 0 3 188 1354
2 0 0 3 189 1361
2 0 0 3 190 1366
2 0 0 3 191 1370
2 0 0 3 128 1003
2 0 0 3 129 1007
2 0 0 3 130 1011
2 0 0 3 131 1013
2 0 0 3 132 1020
2 0 0 3 133 1022
2 0 0 3 134 1023
2 0 0 3 135 1026
2 0 0 3 136 1029
2 0 0 3 137 1056
2 0 0 3 138 1072
2 0 0 3 139 1073
2 0 0 3 140 1077
2 0 0 3 141 1095
2 0 0 3 142 1096
2 0 0 3 143 1112
2 0 0 3 144 1121
2 0 0 3 145 1123
2 0 0 3 146 1129
2 0 0 3 147 1134
2 0 0 3 148 1152
2 0 0 3 149 1153
2 0 0 3 150 1157
2 0 0 3 151 1181
2 0 0 3 152 1183
2 0 0 3 153 1187
2 0 0 3 154 1219
2 0 0 3 155 1236
2 0 0 3 156 1242
2 0 0 3 157 1245
2 0 0 3 158 1251
2 0 0 3 159 1270
2 0 0 3 224 946
2 0 0 3 225 953
2 0 0 3 226 956
2 0 0 3 227 979
2 0 0 3 228 982
2 0 0 3 229 998
2 0 0 3 230 1000
2 0 0 3 231 1013
2 0 0 3 232 1024
2 0 0 3 233 1026
2 0 0 3 234 1027
2 0 0 3 235 1038
2 0 0 3 236 1044
2 0 0 3 237 1071
2 0 0 3 238 1077
2 0 0 3 239 1090
2 0 0 3 240 1101
2 0 0 3 241 1117
2 0 0 3 242 1123
2 0 0 3 243 1127
2 0 0 3 244 1135
2 0 0 3 245 1146
2 0 0 3 246 1157
2 0 0 3 247 1172
2 0 0 3 248 1186
2 0 0 3 249 1196
2 0 0 3 250 1203
2 0 0 3 251 1214
2 0 0 3 252 1219
2 0 0 3 253 1227
2 0 0 3 254 1248
2 0 0 3 255 1253
2 0 0 3 32 1163
2 0 0 3 33 1173
2 0 0 3 34 1193
2 0 0 3 35 1204
2 0 0 3 36 1207
2 0 0 3 37 1216
2 0 0 3 38 1241
2 0 0 3 39 1245
2 0 0 3 40 1276
2 0 0 3 41 1283
2 0 0 3 42 1303
2 0 0 3 43 1305
2 0 0 3 44 1340
2 0 0 3 45 1341
2 0 0 3 46 1352
2 0 0 3 47 1356
2 0 0 3 48 1358
2 0 0 3 49 1361
2 0 0 3 50 1391
2 0 0 3 51 1392
2 0 0 3 52 1412
2 0 0 3 53 1413
2 0 0 3 54 1421
2 0 0 3 55 1454
2 0 0 3 56 1455
2 0 0 3 57 1463
2 0 0 3 58 1470
2 0 0 3 59 1486
2 0 0 3 60 1492
2 0 0 3 61 1497
2 0 0 3 62 1517
2 0 0 3 63 1519
2 0 0 3 192 885
2 0 0 3 193 910
2 0 0 3 194 928
2 0 0 3 195 934
2 0 0 3 196 938
2 0 0 3 197 941
2 0 0 3 198 945
2 0 0 3 199 961
2 0 0 3 200 973
2 0 0 3 201 987
2 0 0 3 202 989
2 0 0 3 203 996
2 0 0 3 204 999
2 0 0 3 205 1014
2 0 0 3 206 1021
2 0 0 3 207 1055
2 0 0 3 208 1064
2 0 0 3 209 1072
2 0 0 3 210 1079
2 0 0 3 211 1081
2 0 0 3 212 1096
2 0 0 3 213 1100
2 0 0 3 214 1115
2 0 0 3 215 1124
2 0 0 3 216 1168
2 0 0 3 217 1179
2 0 0 3 218 1185
2 0 0 3 219 1198
2 0 0 3 220 1201
2 0 0 3 221 1221
2 0 0 3 222 1227
2 0 0 3 223 1237
2 0 0 3 64 1060
2 0 0 3 65 1063
2 0 0 3 66 1068
2 0 0 3 67 1070
2 0 0 3 68 1099
2 0 0 3 69 1116
2 0 0 3 70 1120
2 0 0 3 71 1129
2 0 0 3 72 1136
2 0 0 3 73 1141
2 0 0 3 74 1142
2 0 0 3 75 1144
2 0 0 3 76 1150
2 0 0 3 77 1183
2 0 0 3 78 1208
2 0 0 3 79 1210
2 0 0 3 80 1214
2 0 0 3 81 1228
2 0 0 3 82 1235
2 0 0 3 83 1257
2 0 0 3 84 1260
2 0 0 3 85 1291
2 0 0 3 86 1293
2 0 0 3 87 1297
2 0 0 3 88 1311
2 0 0 3 89 1313
2 0 0 3 90 1321
2 0 0 3 91 1323
2 0 0 3 92 1326
2 0 0 3 93 1328
2 0 0 3 94 1345
2 0 0 3 95 1387
2 0 0 3 96 1049
2 0 0 3 97 1052
2 0 0 3 98 1053
2 0 0 3 99 1057
2 0 0 3 100 1064
2 0 0 3 101 1066
2 0 0 3 102 1068
2 0 0 3 103 1080
2 0 0 3 104 1108
2 0 0 3 105 1116
2 0 0 3 106 1117
2 0 0 3 107 1123
2 0 0 3 108 1136
2 0 0 3 109 1141
2 0 0 3 110 1142
2 0 0 3 111 1155
2 0 0 3 112 1167
2 0 0 3 113 1179
2 0 0 3 114 1187
2 0 0 3 115 1206
2 0 0 3 116 1207
2 0 0 3 117 1208
2 0 0 3 118 1222
2 0 0 3 119 1229
2 0 0 3 120 1240
2 0 0 3 121 1263
2 0 0 3 122 1273
2 0 0 3 123 1277
2 0 0 3 124 1287
2 0 0 3 125 1292
2 0 0 3 126 1335
2 0 0 3 127 1340
2 0 0 4 192 1245
2 0 0 4 193 1250
2 0 0 4 194 1299
2 0 0 4 195 1300
2 0 0 4 196 1304
2 0 0 4 197 1315
2 0 0 4 198 1317
2 0 0 4 199 1318
2 0 0 4 200 1322
2 0 0 4 201 1336
2 0 0 4 202 1348
2 0 0 4 203 1352
2 0 0 4 204 1353
2 0 0 4 205 1366
2 0 0 4 206 1392
2 0 0 4 207 1400
2 0 0 4 208 1425
2 0 0 4 209 1437
2 0 0 4 210 1441
2 0 0 4 211 1447
2 0 0 4 212 1459
2 0 0 4 213 1467
2 0 0 4 214 1474
2 0 0 4 215 1538
2 0 0 4 216 1542
2 0 0 4 217 1555
2 0 0 4 218 1572
2 0 0 4 219 1590
2 0 0 4 220 1598
2 0 0 4 221 1607
2 0 0 4 222 1624
2 0 0 4 223 1631
2 0 0 4 64 1390
2 0 0 4 65 1391
2 0 0 4 66 1396
2 0 0 4 67 1402
2 0 0 4 68 1408
2 0 0 4 69 1409
2 0 0 4 70 1428
2 0 0 4 71 1439
2 0 0 4 72 1451
2 0 0 4 73 1463
2 0 0 4 74 1464
2 0 0 4 75 1469
2 0 0 4 76 1478
2 0 0 4 77 1489
2 0 0 4 78 1491
2 0 0 4 79 1512
2 0 0 4 80 1523
2 0 0 4 81 1539
2 0 0 4 82 1542
2 0 0 4 83 1559
2 0 0 4 84 1564
2 0 0 4 85 1569
2 0 0 4 86 1591
2 0 0 4 87 1593
2 0 0 4 88 1597
2 0 0 4 89 1602
2 0 0 4 90 1618
2 0 0 4 91 1619
2 0 0 4 92 1626
2 0 0 4 93 1629
2 0 0 4 94 1637
2 0 0 4 95 1643
2 0 0 4 32 1543
2 0 0 4 33 1561
2 0 0 4 34 1597
2 0 0 4 35 1600
2 0 0 4 36 1608
2 0 0 4 37 1615
2 0 0 4 38 1618
2 0 0 4 39 1641
2 0 0 4 40 1649
2 0 0 4 41 1673
2 0 0 4 42 1683
2 0 0 4 43 1684
2 0 0 4 44 1697
2 0 0 4 45 1709
2 0 0 4 46 1719
2 0 0 4 47 1726
2 0 0 4 48 1727
2 0 0 4 49 1760
2 0 0 4 50 1766
2 0 0 4 51 1775
2 0 0 4 52 1779
2 0 0 4 53 1783
2 0 0 4 54 1814
2 0 0 4 55 1830
2 0 0 4 56 1867
2 0 0 4 57 1868
2 0 0 4 58 1875
2 0 0 4 59 1889
2 0 0 4 60 1903
2 0 0 4 61 1914
2 0 0 4 62 1917
2 0 0 4 63 1940
2 0 0 4 224 1263
2 0 0 4 225 1268
2 0 0 4 226 1290
2 0 0 4 227 1296
2 0 0 4 228 1304
2 0 0 4 229 1323
2 0 0 4 230 1330
2 0 0 4 231 1332
2 0 0 4 232 1372
2 0 0 4 233 1399
2 0 0 4 234 1411
2 0 0 4 235 1431
2 0 0 4 236 1432
2 0 0 4 237 1448
2 0 0 4 238 1455
2 0 0 4 239 1469
2 0 0 4 240 1486
2 0 0 4 241 1504
2 0 0 4 242 1511
2 0 0 4 243 1516
2 0 0 4 244 1535
2 0 0 4 245 1546
2 0 0 4 246 1547
2 0 0 4 247 1561
2 0 0 4 248 1575
2 0 0 4 249 1596
2 0 0 4 250 1598
2 0 0 4 251 1601
2 0 0 4 252 1609
2 0 0 4 253 1627
2 0 0 4 254 1641
2 0 0 4 255 1650
2 0 0 4 160 1372
2 0 0 4 161 1376
2 0 0 4 162 1379
2 0 0 4 163 1385
2 0 0 4 164 1387
2 0 0 4 165 1389
2 0 0 4 166 1395
2 0 0 4 167 1403
2 0 0 4 168 1416
2 0 0 4 169 1423
2 0 0 4 170 1428
2 0 0 4 171 1438
2 0 0 4 172 1442
2 0 0 4 173 1449
2 0 0 4 174 1451
2 0 0 4 175 1454
2 0 0 4 176 1459
2 0 0 4 177 1465
2 0 0 4 178 1467
2 0 0 4 179 1495
2 0 0 4 180 1507
2 0 0 4 181 1521
2 0 0 4 182 1529
2 0 0 4 183 1531
2 0 0 4 184 1563
2 0 0 4 185 1570
2 0 0 4 186 1571
2 0 0 4 187 1572
2 0 0 4 188 1582
2 0 0 4 189 1604
2 0 0 4 190 1609
2 0 0 4 191 1610
2 0 0 4 128 1276
2 0 0 4 129 1285
2 0 0 4 130 1293
2 0 0 4 131 1296
2 0 0 4 132 1312
2 0 0 4 133 1318
2 0 0 4 134 1323
2 0 0 4 135 1355
2 0 0 4 136 1373
2 0 0 4 137 1374
2 0 0 4 138 1383
2 0 0 4 139 1389
2 0 0 4 140 1402
2 0 0 4 141 1405
2 0 0 4 142 1433
2 0 0 4 143 1444
2 0 0 4 144 1456
2 0 0 4 145 1460
2 0 0 4 146 1461
2 0 0 4 147 1468
2 0 0 4 148 1469
2 0 0 4 149 1470
2 0 0 4 150 1482
2 0 0 4 151 1504
2 0 0 4 152 1535
2 0 0 4 153 1558
2 0 0 4 154 1587
2 0 0 4 155 1608
2 0 0 4 156 1668
2 0 0 4 157 1673
2 0 0 4 158 1674
2 0 0 4 159 1687
2 0 0 4 0 1367
2 0 0 4 1 1371
2 0 0 4 2 1376
2 0 0 4 3 1385
2 0 0 4 4 1386
2 0 0 4 5 1394
2 0 0 4 6 1395
2 0 0 4 7 1413
2 0 0 4 8 1414
2 0 0 4 9 1418
2 0 0 4 10 1422
2 0 0 4 11 1440
2 0 0 4 12 1445
2 0 0 4 13 1449
2 0 0 4 14 1452
2 0 0 4 15 1464
2 0 0 4 16 1466
2 0 0 4 17 1484
2 0 0 4 18 1494
2 0 0 4 19 1503
2 0 0 4 20 1505
2 0 0 4 21 1507
2 0 0 4 22 1510
2 0 0 4 23 1512
2 0 0 4 24 1516
2 0 0 4 25 1521
2 0 0 4 26 1530
2 0 0 4 27 1558
2 0 0 4 28 1560
2 0 0 4 29 1568
2 0 0 4 30 1578
2 0 0 4 31 1583
2 0 0 4 96 1341
2 0 0 4 97 1351
2 0 0 4 98 1354
2 0 0 4 99 1365
2 0 0 4 100 1379
2 0 0 4 101 1391
2 0 0 4 102 1392
2 0 0 4 103 1414
2 0 0 4 104 1418
2 0 0 4 105 1420
2 0 0 4 106 1437
2 0 0 4 107 1482
2 0 0 4 108 1485
2 0 0 4 109 1508
2 0 0 4 110 1528
2 0 0 4 111 1532
2 0 0 4 112 1535
2 0 0 4 113 1547
2 0 0 4 114 1548
2 0 0 4 115 1551
2 0 0 4 116 1565
2 0 0 4 117 1579
2 0 0 4 118 1582
2 0 0 4 119 1594
2 0 0 4 120 1598
2 0 0 4 121 1610
2 0 0 4 122 1620
2 0 0 4 123 1623
2 0 0 4 124 1634
2 0 0 4 125 1642
2 0 0 4 126 1643
2 0 0 4 127 1651
2 0 0 5 32 1941
2 0 0 5 33 1943
2 0 0 5 34 1954
2 0 0 5 35 1957
2 0 0 5 36 1958
2 0 0 5 37 1992
2 0 0 5 38 1993
2 0 0 5 39 1994
2 0 0 5 40 2002
2 0 0 5 41 2009
2 0 0 5 42 2010
2 0 0 5 43 2011
2 0 0 5 44 2012
2 0 0 5 45 2014
2 0 0 5 46 2017
2 0 0 5 47 2026
2 0 0 5 48 2044
2 0 0 5 49 2047
2 0 0 5 50 2049
2 0 0 5 51 2061
2 0 0 5 52 2089
2 0 0 5 53 2103
2 0 0 5 54 2105
2 0 0 5 55 2123
2 0 0 5 56 2138
2 0 0 5 57 2153
2 0 0 5 58 2160
2 0 0 5 59 2168
2 0 0 5 60 2171
2 0 0 5 61 2173
2 0 0 5 62 2175
2 0 0 5 63 2187
2 0 0 5 0 1584
2 0 0 5 1 1593
2 0 0 5 2 1595
2 0 0 5 3 1596
2 0 0 5 4 1608
2 0 0 5 5 1624
2 0 0 5 6 1627
2 0 0 5 7 1631
2 0 0 5 8 1637
2 0 0 5 9 1639
2 0 0 5 10 1645
2 0 0 5 11 1659
2 0 0 5 12 1661
2 0 0 5 13 1676
2 0 0 5 14 1680
2 0 0 5 15 1684
2 0 0 5 16 1694
2 0 0 5 17 1710
2 0 0 5 18 1726
2 0 0 5 19 1738
2 0 0 5 20 1743
2 0 0 5 21 1772
2 0 0 5 22 1779
2 0 0 5 23 1784
2 0 0 5 24 1787
2 0 0 5 25 1798
2 0 0 5 26 1806
2 0 0 5 27 1807
2 0 0 5 28 1830
2 0 0 5 29 1835
2 0 0 5 30 1841
2 0 0 5 31 1854
2 0 0 5 128 1699
2 0 0 5 129 1713
2 0 0 5 130 1715
2 0 0 5 131 1722
2 0 0 5 132 1723
2 0 0 5 133 1737
2 0 0 5 134 1743
2 0 0 5 135 1747
2 0 0 5 136 1750
2 0 0 5 137 1757
2 0 0 5 138 1772
2 0 0 5 139 1778
2 0 0 5 140 1799
2 0 0 5 141 1809
2 0 0 5 142 1820
2 0 0 5 143 1822
2 0 0 5 144 1826
2 0 0 5 145 1829
2 0 0 5 146 1834
2 0 0 5 147 1842
2 0 0 5 148 1844
2 0 0 5 149 1851
2 0 0 5 150 1892
2 0 0 5 151 1895
2 0 0 5 152 1910
2 0 0 5 153 1916
2 0 0 5 154 1920
2 0 0 5 155 1938
2 0 0 5 156 1950
2 0 0 5 157 1960
2 0 0 5 158 1970
2 0 0 5 159 1975
2 0 0 5 160 1638
2 0 0 5 161 1646
2 0 0 5 162 1653
2 0 0 5 163 1664
2 0 0 5 164 1668
2 0 0 5 165 1676
2 0 0 5 166 1682
2 0 0 5 167 1683
2 0 0 5 168 1696
2 0 0 5 169 1709
2 0 0 5 170 1720
2 0 0 5 171 1729
2 0 0 5 172 1741
2 0 0 5 173 1746
2 0 0 5 174 1748
2 0 0 5 175 1750
2 0 0 5 176 1769
2 0 0 5 177 1778
2 0 0 5 178 1799
2 0 0 5 179 1803
2 0 0 5 180 1815
2 0 0 5 181 1825
2 0 0 5 182 1831
2 0 0 5 183 1838
2 0 0 5 184 1841
2 0 0 5 185 1845
2 0 0 5 186 1858
2 0 0 5 187 1859
2 0 0 5 188 1894
2 0 0 5 189 1905
2 0 0 5 190 1908
2 0 0 5 191 1911
2 0 0 5 64 1651
2 0 0 5 65 1654
2 0 0 5 66 1669
2 0 0 5 67 1672
2 0 0 5 68 1679
2 0 0 5 69 1680
2 0 0 5 70 1688
2 0 0 5 71 1692
2 0 0 5 72 1742
2 0 0 5 73 1747
2 0 0 5 74 1755
2 0 0 5 75 1767
2 0 0 5 76 1774
2 0 0 5 77 1779
2 0 0 5 78 1780
2 0 0 5 79 1783
2 0 0 5 80 1797
2 0 0 5 81 1799
2 0 0 5 82 1822
2 0 0 5 83 1829
2 0 0 5 84 1839
2 0 0 5 85 1844
2 0 0 5 86 1853
2 0 0 5 87 1884
2 0 0 5 88 1904
2 0 0 5 89 1908
2 0 0 5 90 1934
2 0 0 5 91 1937
2 0 0 5 92 1948
2 0 0 5 93 1953
2 0 0 5 94 1959
2 0 0 5 95 1961
2 0 0 5 192 1644
2 0 0 5 193 1652
2 0 0 5 194 1666
2 0 0 5 195 1684
2 0 0 5 196 1691
2 0 0 5 197 1693
2 0 0 5 198 1694
2 0 0 5 199 1702
2 0 0 5 200 1713
2 0 0 5 201 1714
2 0 0 5 202 1719
2 0 0 5 203 1728
2 0 0 5 204 1744
2 0 0 5 205 1777
2 0 0 5 206 1782
2 0 0 5 207 1783
2 0 0 5 208 1785
2 0 0 5 209 1793
2 0 0 5 210 1799
2 0 0 5 211 1801
2 0 0 5 212 1804
2 0 0 5 213 1807
2 0 0 5 214 1811
2 0 0 5 215 1823
2 0 0 5 216 1828
2 0 0 5 217 1839
2 0 0 5 218 1856
2 0 0 5 219 1858
2 0 0 5 220 1867
2 0 0 5 221 1871
2 0 0 5 222 1879
2 0 0 5 223 1885
2 0 0 5 96 1659
2 0 0 5 97 1663
2 0 0 5 98 1670
2 0 0 5 99 1678
2 0 0 5 100 1689
2 0 0 5 101 1706
2 0 0 5 102 1714
2 0 0 5 103 1730
2 0 0 5 104 1752
2 0 0 5 105 1755
2 0 0 5 106 1756
2 0 0 5 107 1758
2 0 0 5 108 1777
2 0 0 5 109 1798
2 0 0 5 110 1802
2 0 0 5 111 1806
2 0 0 5 112 1807
2 0 0 5 113 1819
2 0 0 5 114 1824
2 0 0 5 115 1826
2 0 0 5 116 1832
2 0 0 5 117 1841
2 0 0 5 118 1849
2 0 0 5 119 1856
2 0 0 5 120 1891
2 0 0 5 121 1895
2 0 0 5 122 1900
2 0 0 5 123 1929
2 0 0 5 124 1946
2 0 0 5 125 1968
2 0 0 5 126 1971
2 0 0 5 127 1987
2 0 0 5 224 1663
2 0 0 5 225 1676
2 0 0 5 226 1687
2 0 0 5 227 1689
2 0 0 5 228 1699
2 0 0 5 229 1702
2 0 0 5 230 1707
2 0 0 5 231 1709
2 0 0 5 232 1715
2 0 0 5 233 1728
2 0 0 5 234 1754
2 0 0 5 235 1757
2 0 0 5 236 1762
2 0 0 5 237 1770
2 0 0 5 238 1772
2 0 0 5 239 1776
2 0 0 5 240 1778
2 0 0 5 241 1812
2 0 0 5 242 1815
2 0 0 5 243 1825
2 0 0 5 244 1839
2 0 0 5 245 1840
2 0 0 5 246 1845
2 0 0 5 247 1862
2 0 0 5 248 1864
2 0 0 5 249 1868
2 0 0 5 250 1875
2 0 0 5 251 1880
2 0 0 5 252 1894
2 0 0 5 253 1912
2 0 0 5 254 1917
2 0 0 5 255 1925
2 0 0 6 96 2002
2 0 0 6 97 2008
2 0 0 6 98 2013
2 0 0 6 99 2017
2 0 0 6 100 2021
2 0 0 6 101 2025
2 0 0 6 102 2037
2 0 0 6 103 2045
2 0 0 6 104 2056
2 0 0 6 105 2058
2 0 0 6 106 2093
2 0 0 6 107 2098
2 0 0 6 108 2102
2 0 0 6 109 2104
2 0 0 6 110 2191
2 0 0 6 111 2197
2 0 0 6 112 2206
2 0 0 6 113 2243
2 0 0 6 114 2257
2 0 0 6 115 2259
2 0 0 6 116 2276
2 0 0 6 117 2284
2 0 0 6 118 2291
2 0 0 6 119 2305
2 0 0 6 120 2309
2 0 0 6 121 2312
2 0 0 6 122 2317
2 0 0 6 123 2321
2 0 0 6 124 2324
2 0 0 6 125 2366
2 0 0 6 126 2367
2 0 0 6 127 2375
2 0 0 6 192 1892
2 0 0 6 193 1900
2 0 0 6 194 1909
2 0 0 6 195 1921
2 0 0 6 196 1925
2 0 0 6 197 1934
2 0 0 6 198 1946
2 0 0 6 199 1958
2 0 0 6 200 1968
2 0 0 6 201 1982
2 0 0 6 202 1993
2 0 0 6 203 1995
2 0 0 6 204 1999
2 0 0 6 205 2008
2 0 0 6 206 2042
2 0 0 6 207 2067
2 0 0 6 208 2074
2 0 0 6 209 2076
2 0 0 6 210 2082
2 0 0 6 211 2083
2 0 0 6 212 2086
2 0 0 6 213 2089
2 0 0 6 214 2100
2 0 0 6 215 2102
2 0 0 6 216 2103
2 0 0 6 217 2106
2 0 0 6 218 2110
2 0 0 6 219 2137
2 0 0 6 220 2155
2 0 0 6 221 2156
2 0 0 6 222 2158
2 0 0 6 223 2196
2 0 0 6 32 2192
2 0 0 6 33 2199
2 0 0 6 34 2208
2 0 0 6 35 2263
2 0 0 6 36 2265
2 0 0 6 37 2270
2 0 0 6 38 2272
2 0 0 6 39 2273
2 0 0 6 40 2275
2 0 0 6 41 2298
2 0 0 6 42 2319
2 0 0 6 43 2325
2 0 0 6 44 2327
2 0 0 6 45 2341
2 0 0 6 46 2356
2 0 0 6 47 2362
2 0 0 6 48 2383
2 0 0 6 49 2385
2 0 0 6 50 2389
2 0 0 6 51 2395
2 0 0 6 52 2406
2 0 0 6 53 2417
2 0 0 6 54 2428
2 0 0 6 55 2430
2 0 0 6 56 2435
2 0 0 6 57 2442
2 0 0 6 58 2447
2 0 0 6 59 2450
2 0 0 6 60 2455
2 0 0 6 61 2467
2 0 0 6 62 2473
2 0 0 6 63 2481
2 0 0 6 128 1996
2 0 0 6 129 2004
2 0 0 6 130 2021
2 0 0 6 131 2034
2 0 0 6 132 2059
2 0 0 6 133 2062
2 0 0 6 134 2063
2 0 0 6 135 2088
2 0 0 6 136 2093
2 0 0 6 137 2104
2 0 0 6 138 2121
2 0 0 6 139 2128
2 0 0 6 140 2130
2 0 0 6 141 2141
2 0 0 6 142 2148
2 0 0 6 143 2171
2 0 0 6 144 2174
2 0 0 6 145 2222
2 0 0 6 146 2237
2 0 0 6 147 2244
2 0 0 6 148 2279
2 0 0 6 149 2301
2 0 0 6 150 2309
2 0 0 6 151 2312
2 0 0 6 152 2317
2 0 0 6 153 2326
2 0 0 6 154 2327
2 0 0 6 155 2331
2 0 0 6 156 2340
2 0 0 6 157 2350
2 0 0 6 158 2351
2 0 0 6 159 2387
2 0 0 6 160 1915
2 0 0 6 161 1934
2 0 0 6 162 1947
2 0 0 6 163 1956
2 0 0 6 164 1957
2 0 0 6 165 1961
2 0 0 6 166 1967
2 0 0 6 167 1979
2 0 0 6 168 1989
2 0 0 6 169 2062
2 0 0 6 170 2067
2 0 0 6 171 2086
2 0 0 6 172 2095
2 0 0 6 173 2123
2 0 0 6 174 2125
2 0 0 6 175 2126
2 0 0 6 176 2128
2 0 0 6 177 2147
2 0 0 6 178 2165
2 0 0 6 179 2173
2 0 0 6 180 2218
2 0 0 6 181 2223
2 0 0 6 182 2239
2 0 0 6 183 2241
2 0 0 6 184 2245
2 0 0 6 185 2248
2 0 0 6 186 2264
2 0 0 6 187 2281
2 0 0 6 188 2284
2 0 0 6 189 2291
2 0 0 6 190 2295
2 0 0 6 191 2310
2 0 0 6 64 1962
2 0 0 6 65 1971
2 0 0 6 66 1973
2 0 0 6 67 1986
2 0 0 6 68 1997
2 0 0 6 69 2007
2 0 0 6 70 2023
2 0 0 6 71 2036
2 0 0 6 72 2039
2 0 0 6 73 2045
2 0 0 6 74 2047
2 0 0 6 75 2048
2 0 0 6 76 2050
2 0 0 6 77 2051
2 0 0 6 78 2079
2 0 0 6 79 2107
2 0 0 6 80 2112
2 0 0 6 81 2137
2 0 0 6 82 2140
2 0 0 6 83 2156
2 0 0 6 84 2159
2 0 0 6 85 2169
2 0 0 6 86 2174
2 0 0 6 87 2184
2 0 0 6 88 2190
2 0 0 6 89 2194
2 0 0 6 90 2201
2 0 0 6 91 2231
2 0 0 6 92 2239
2 0 0 6 93 2244
2 0 0 6 94 2247
2 0 0 6 95 2250
2 0 0 6 0 1880
2 0 0 6 1 1883
2 0 0 6 2 1885
2 0 0 6 3 1889
2 0 0 6 4 1896
2 0 0 6 5 1904
2 0 0 6 6 1905
2 0 0 6 7 1907
2 0 0 6 8 1912
2 0 0 6 9 1942
2 0 0 6 10 1948
2 0 0 6 11 1950
2 0 0 6 12 1957
2 0 0 6 13 1960
2 0 0 6 14 1991
2 0 0 6 15 1992
2 0 0 6 16 1996
2 0 0 6 17 2000
2 0 0 6 18 2010
2 0 0 6 19 2027
2 0 0 6 20 2039
2 0 0 6 21 2049
2 0 0 6 22 2060
2 0 0 6 23 2070
2 0 0 6 24 2084
2 0 0 6 25 2102
2 0 0 6 26 2105
2 0 0 6 27 2109
2 0 0 6 28 2127
2 0 0 6 29 2132
2 0 0 6 30 2140
2 0 0 6 31 2143
2 0 0 6 224 1939
2 0 0 6 225 1945
2 0 0 6 226 1948
2 0 0 6 227 1957
2 0 0 6 228 1961
2 0 0 6 229 1964
2 0 0 6 230 1976
2 0 0 6 231 1978
2 0 0 6 232 1987
2 0 0 6 233 2014
2 0 0 6 234 2016
2 0 0 6 235 2019
2 0 0 6 236 2021
2 0 0 6 237 2030
2 0 0 6 238 2046
2 0 0 6 239 2058
2 0 0 6 240 2065
2 0 0 6 241 2091
2 0 0 6 242 2098
2 0 0 6 243 2099
2 0 0 6 244 2102
2 0 0 6 245 2104
2 0 0 6 246 2108
2 0 0 6 247 2111
2 0 0 6 248 2115
2 0 0 6 249 2120
2 0 0 6 250 2125
2 0 0 6 251 2140
2 0 0 6 252 2142
2 0 0 6 253 2144
2 0 0 6 254 2155
2 0 0 6 255 2161
2 0 0 7 192 2212
2 0 0 7 193 2217
2 0 0 7 194 2220
2 0 0 7 195 2235
2 0 0 7 196 2246
2 0 0 7 197 2254
2 0 0 7 198 2259
2 0 0 7 199 2261
2 0 0 7 200 2273
2 0 0 7 201 2280
2 0 0 7 202 2287
2 0 0 7 203 2290
2 0 0 7 204 2293
2 0 0 7 205 2307
2 0 0 7 206 2309
2 0 0 7 207 2313
2 0 0 7 208 2320
2 0 0 7 209 2322
2 0 0 7 210 2327
2 0 0 7 211 2328
2 0 0 7 212 2335
2 0 0 7 213 2337
2 0 0 7 214 2372
2 0 0 7 215 2383
2 0 0 7 216 2391
2 0 0 7 217 2395
2 0 0 7 218 2407
2 0 0 7 219 2436
2 0 0 7 220 2463
2 0 0 7 221 2487
2 0 0 7 222 2501
2 0 0 7 223 2508
2 0 0 7 96 2376
2 0 0 7 97 2379
2 0 0 7 98 2400
2 0 0 7 99 2402
2 0 0 7 100 2403
2 0 0 7 101 2408
2 0 0 7 102 2438
2 0 0 7 103 2439
2 0 0 7 104 2442
2 0 0 7 105 2443
2 0 0 7 106 2450
2 0 0 7 107 2451
2 0 0 7 108 2458
2 0 0 7 109 2463
2 0 0 7 110 2474
2 0 0 7 111 2502
2 0 0 7 112 2526
2 0 0 7 113 2547
2 0 0 7 114 2549
2 0 0 7 115 2560
2 0 0 7 116 2562
2 0 0 7 117 2566
2 0 0 7 118 2568
2 0 0 7 119 2579
2 0 0 7 120 2585
2 0 0 7 121 2593
2 0 0 7 122 2599
2 0 0 7 123 2605
2 0 0 7 124 2608
2 0 0 7 125 2624
2 0 0 7 126 2631
2 0 0 7 127 2635
2 0 0 7 224 2165
2 0 0 7 225 2168
2 0 0 7 226 2180
2 0 0 7 227 2200
2 0 0 7 228 2221
2 0 0 7 229 2233
2 0 0 7 230 2241
2 0 0 7 231 2251
2 0 0 7 232 2253
2 0 0 7 233 2258
2 0 0 7 234 2259
2 0 0 7 235 2265
2 0 0 7 236 2274
2 0 0 7 237 2279
2 0 0 7 238 2287
2 0 0 7 239 2292
2 0 0 7 240 2294
2 0 0 7 241 2316
2 0 0 7 242 2322
2 0 0 7 243 2333
2 0 0 7 244 2341
2 0 0 7 245 2355
2 0 0 7 246 2372
2 0 0 7 247 2378
2 0 0 7 248 2395
2 0 0 7 249 2403
2 0 0 7 250 2414
2 0 0 7 251 2420
2 0 0 7 252 2431
2 0 0 7 253 2439
2 0 0 7 254 2441
2 0 0 7 255 2446
2 0 0 7 64 2260
2 0 0 7 65 2272
2 0 0 7 66 2274
2 0 0 7 67 2306
2 0 0 7 68 2312
2 0 0 7 69 2328
2 0 0 7 70 2330
2 0 0 7 71 2343
2 0 0 7 72 2348
2 0 0 7 73 2354
2 0 0 7 74 2375
2 0 0 7 75 2386
2 0 0 7 76 2403
2 0 0 7 77 2407
2 0 0 7 78 2414
2 0 0 7 79 2420
2 0 0 7 80 2426
2 0 0 7 81 2438
2 0 0 7 82 2444
2 0 0 7 83 2466
2 0 0 7 84 2467
2 0 0 7 85 2468
2 0 0 7 86 2482
2 0 0 7 87 2488
2 0 0 7 88 2492
2 0 0 7 89 2508
2 0 0 7 90 2520
2 0 0 7 91 2521
2 0 0 7 92 2522
2 0 0 7 93 2535
2 0 0 7 94 2547
2 0 0 7 95 2550
2 0 0 7 32 2495
2 0 0 7 33 2499
2 0 0 7 34 2510
2 0 0 7 35 2521
2 0 0 7 36 2526
2 0 0 7 37 2542
2 0 0 7 38 2543
2 0 0 7 39 2550
2 0 0 7 40 2564
2 0 0 7 41 2565
2 0 0 7 42 2568
2 0 0 7 43 2576
2 0 0 7 44 2603
2 0 0 7 45 2631
2 0 0 7 46 2648
2 0 0 7 47 2678
2 0 0 7 48 2682
2 0 0 7 49 2690
2 0 0 7 50 2694
2 0 0 7 51 2700
2 0 0 7 52 2737
2 0 0 7 53 2738
2 0 0 7 54 2742
2 0 0 7 55 2771
2 0 0 7 56 2774
2 0 0 7 57 2780
2 0 0 7 58 2781
2 0 0 7 59 2791
2 0 0 7 60 2800
2 0 0 7 61 2808
2 0 0 7 62 2816
2 0 0 7 63 2838
2 0 0 7 160 2324
2 0 0 7 161 2327
2 0 0 7 162 2331
2 0 0 7 163 2348
2 0 0 7 164 2380
2 0 0 7 165 2381
2 0 0 7 166 2387
2 0 0 7 167 2401
2 0 0 7 168 2406
2 0 0 7 169 2420
2 0 0 7 170 2431
2 0 0 7 171 2438
2 0 0 7 172 2447
2 0 0 7 173 2482
2 0 0 7 174 2485
2 0 0 7 175 2493
2 0 0 7 176 2494
2 0 0 7 177 2497
2 0 0 7 178 2499
2 0 0 7 179 2505
2 0 0 7 180 2511
2 0 0 7 181 2517
2 0 0 7 182 2527
2 0 0 7 183 2554
2 0 0 7 184 2567
2 0 0 7 185 2589
2 0 0 7 186 2591
2 0 0 7 187 2598
2 0 0 7 188 2600
2 0 0 7 189 2606
2 0 0 7 190 2634
2 0 0 7 191 2635
2 0 0 7 128 2388
2 0 0 7 129 2411
2 0 0 7 130 2419
2 0 0 7 131 2429
2 0 0 7 132 2438
2 0 0 7 133 2462
2 0 0 7 134 2477
2 0 0 7 135 2487
2 0 0 7 136 2488
2 0 0 7 137 2490
2 0 0 7 138 2503
2 0 0 7 139 2530
2 0 0 7 140 2540
2 0 0 7 141 2543
2 0 0 7 142 2547
2 0 0 7 143 2561
2 0 0 7 144 2563
2 0 0 7 145 2575
2 0 0 7 146 2590
2 0 0 7 147 2598
2 0 0 7 148 2602
2 0 0 7 149 2608
2 0 0 7 150 2611
2 0 0 7 151 2625
2 0 0 7 152 2667
2 0 0 7 153 2669
2 0 0 7 154 2670
2 0 0 7 155 2683
2 0 0 7 156 2687
2 0 0 7 157 2688
2 0 0 7 158 2701
2 0 0 7 159 2705
2 0 0 7 0 2148
2 0 0 7 1 2164
2 0 0 7 2 2174
2 0 0 7 3 2187
2 0 0 7 4 2195
2 0 0 7 5 2208
2 0 0 7 6 2212
2 0 0 7 7 2225
2 0 0 7 8 2237
2 0 0 7 9 2240
2 0 0 7 10 2243
2 0 0 7 11 2253
2 0 0 7 12 2279
2 0 0 7 13 2288
2 0 0 7 14 2296
2 0 0 7 15 2335
2 0 0 7 16 2336
2 0 0 7 17 2338
2 0 0 7 18 2346
2 0 0 7 19 2362
2 0 0 7 20 2381
2 0 0 7 21 2389
2 0 0 7 22 2397
2 0 0 7 23 2430
2 0 0 7 24 2446
2 0 0 7 25 2448
2 0 0 7 26 2454
2 0 0 7 27 2461
2 0 0 7 28 2468
2 0 0 7 29 2509
2 0 0 7 30 2517
2 0 0 7 31 2530
2 0 0 8 160 2647
2 0 0 8 161 2648
2 0 0 8 162 2654
2 0 0 8 163 2655
2 0 0 8 164 2668
2 0 0 8 165 2690
2 0 0 8 166 2706
2 0 0 8 167 2710
2 0 0 8 168 2727
2 0 0 8 169 2729
2 0 0 8 170 2740
2 0 0 8 171 2742
2 0 0 8 172 2748
2 0 0 8 173 2755
2 0 0 8 174 2772
2 0 0 8 175 2781
2 0 0 8 176 2782
2 0 0 8 177 2794
2 0 0 8 178 2798
2 0 0 8 179 2809
2 0 0 8 180 2829
2 0 0 8 181 2832
2 0 0 8 182 2836
2 0 0 8 183 2854
2 0 0 8 184 2863
2 0 0 8 185 2887
2 0 0 8 186 2889
2 0 0 8 187 2892
2 0 0 8 188 2899
2 0 0 8 189 2920
2 0 0 8 190 2922
2 0 0 8 191 2923
2 0 0 8 32 2856
2 0 0 8 33 2857
2 0 0 8 34 2864
2 0 0 8 35 2865
2 0 0 8 36 2869
2 0 0 8 37 2882
2 0 0 8 38 2886
2 0 0 8 39 2890
2 0 0 8 40 2896
2 0 0 8 41 2902
2 0 0 8 42 2903
2 0 0 8 43 2920
2 0 0 8 44 2979
2 0 0 8 45 3003
2 0 0 8 46 3004
2 0 0 8 47 3024
2 0 0 8 48 3043
2 0 0 8 49 3052
2 0 0 8 50 3069
2 0 0 8 51 3074
2 0 0 8 52 3104
2 0 0 8 53 3108
2 0 0 8 54 3117
2 0 0 8 55 3123
2 0 0 8 56 3136
2 0 0 8 57 3146
2 0 0 8 58 3151
2 0 0 8 59 3162
2 0 0 8 60 3203
2 0 0 8 61 3224
2 0 0 8 62 3245
2 0 0 8 63 3250
2 0 0 8 128 2717
2 0 0 8 129 2725
2 0 0 8 130 2727
2 0 0 8 131 2729
2 0 0 8 132 2735
2 0 0 8 133 2746
2 0 0 8 134 2769
2 0 0 8 135 2785
2 0 0 8 136 2793
2 0 0 8 137 2798
2 0 0 8 138 2804
2 0 0 8 139 2809
2 0 0 8 140 2810
2 0 0 8 141 2819
2 0 0 8 142 2824
2 0 0 8 143 2830
2 0 0 8 144 2836
2 0 0 8 145 2862
2 0 0 8 146 2906
2 0 0 8 147 2941
2 0 0 8 148 2948
2 0 0 8 149 2975
2 0 0 8 150 2981
2 0 0 8 151 2983
2 0 0 8 152 2996
2 0 0 8 153 2997
2 0 0 8 154 2998
2 0 0 8 155 3020
2 0 0 8 156 3026
2 0 0 8 157 3043
2 0 0 8 158 3050
2 0 0 8 159 3055
2 0 0 8 64 2555
2 0 0 8 65 2572
2 0 0 8 66 2584
2 0 0 8 67 2613
2 0 0 8 68 2619
2 0 0 8 69 2627
2 0 0 8 70 2637
2 0 0 8 71 2642
2 0 0 8 72 2644
2 0 0 8 73 2661
2 0 0 8 74 2665
2 0 0 8 75 2670
2 0 0 8 76 2701
2 0 0 8 77 2718
2 0 0 8 78 2745
2 0 0 8 79 2760
2 0 0 8 80 2763
2 0 0 8 81 2782
2 0 0 8 82 2784
2 0 0 8 83 2790
2 0 0 8 84 2796
2 0 0 8 85 2825
2 0 0 8 86 2830
2 0 0 8 87 2845
2 0 0 8 88 2861
2 0 0 8 89 2868
2 0 0 8 90 2871
2 0 0 8 91 2879
2 0 0 8 92 2887
2 0 0 8 93 2891
2 0 0 8 94 2898
2 0 0 8 95 2936
2 0 0 8 0 2536
2 0 0 8 1 2549
2 0 0 8 2 2551
2 0 0 8 3 2582
2 0 0 8 4 2584
2 0 0 8 5 2587
2 0 0 8 6 2597
2 0 0 8 7 2610
2 0 0 8 8 2611
2 0 0 8 9 2616
2 0 0 8 10 2621
2 0 0 8 11 2636
2 0 0 8 12 2637
2 0 0 8 13 2654
2 0 0 8 14 2656
2 0 0 8 15 2671
2 0 0 8 16 2673
2 0 0 8 17 2682
2 0 0 8 18 2694
2 0 0 8 19 2696
2 0 0 8 20 2705
2 0 0 8 21 2715
2 0 0 8 22 2717
2 0 0 8 23 2735
2 0 0 8 24 2737
2 0 0 8 25 2741
2 0 0 8 26 2742
2 0 0 8 27 2753
2 0 0 8 28 2759
2 0 0 8 29 2760
2 0 0 8 30 2779
2 0 0 8 31 2785
2 0 0 8 96 2641
2 0 0 8 97 2660
2 0 0 8 98 2663
2 0 0 8 99 2676
2 0 0 8 100 2699
2 0 0 8 101 2706
2 0 0 8 102 2710
2 0 0 8 103 2716
2 0 0 8 104 2734
2 0 0 8 105 2742
2 0 0 8 106 2754
2 0 0 8 107 2758
2 0 0 8 108 2766
2 0 0 8 109 2777
2 0 0 8 110 2780
2 0 0 8 111 2782
2 0 0 8 112 2790
2 0 0 8 113 2804
2 0 0 8 114 2810
2 0 0 8 115 2827
2 0 0 8 116 2834
2 0 0 8 117 2835
2 0 0 8 118 2842
2 0 0 8 119 2852
2 0 0 8 120 2857
2 0 0 8 121 2861
2 0 0 8 122 2872
2 0 0 8 123 2889
2 0 0 8 124 2893
2 0 0 8 125 2895
2 0 0 8 126 2909
2 0 0 8 127 2918
2 0 0 8 192 2549
2 0 0 8 193 2553
2 0 0 8 194 2567
2 0 0 8 195 2577
2 0 0 8 196 2612
2 0 0 8 197 2614
2 0 0 8 198 2622
2 0 0 8 199 2624
2 0 0 8 200 2630
2 0 0 8 201 2634
2 0 0 8 202 2650
2 0 0 8 203 2653
2 0 0 8 204 2657
2 0 0 8 205 2696
2 0 0 8 206 2717
2 0 0 8 207 2723
2 0 0 8 208 2734
2 0 0 8 209 2738
2 0 0 8 210 2754
2 0 0 8 211 2756
2 0 0 8 212 2759
2 0 0 8 213 2767
2 0 0 8 214 2770
2 0 0 8 215 2790
2 0 0 8 216 2798
2 0 0 8 217 2800
2 0 0 8 218 2827
2 0 0 8 219 2835
2 0 0 8 220 2844
2 0 0 8 221 2859
2 0 0 8 222 2870
2 0 0 8 223 2876
2 0 0 8 224 2463
2 0 0 8 225 2467
2 0 0 8 226 2491
2 0 0 8 227 2492
2 0 0 8 228 2505
2 0 0 8 229 2511
2 0 0 8 230 2520
2 0 0 8 231 2522
2 0 0 8 232 2530
2 0 0 8 233 2535
2 0 0 8 234 2546
2 0 0 8 235 2560
2 0 0 8 236 2573
2 0 0 8 237 2575
2 0 0 8 238 2595
2 0 0 8 239 2598
2 0 0 8 240 2601
2 0 0 8 241 2603
2 0 0 8 242 2624
2 0 0 8 243 2626
2 0 0 8 244 2627
2 0 0 8 245 2636
2 0 0 8 246 2662
2 0 0 8 247 2672
2 0 0 8 248 2678
2 0 0 8 249 2699
2 0 0 8 250 2707
2 0 0 8 251 2711
2 0 0 8 252 2712
2 0 0 8 253 2719
2 0 0 8 254 2748
2 0 0 8 255 2751
2 0 0 9 128 3056
2 0 0 9 129 3082
2 0 0 9 130 3096
2 0 0 9 131 3107
2 0 0 9 132 3108
2 0 0 9 133 3109
2 0 0 9 134 3110
2 0 0 9 135 3160
2 0 0 9 136 3169
2 0 0 9 137 3179
2 0 0 9 138 3206
2 0 0 9 139 3213
2 0 0 9 140 3221
2 0 0 9 141 3227
2 0 0 9 142 3234
2 0 0 9 143 3249
2 0 0 9 144 3255
2 0 0 9 145 3262
2 0 0 9 146 3268
2 0 0 9 147 3281
2 0 0 9 148 3284
2 0 0 9 149 3290
2 0 0 9 150 3304
2 0 0 9 151 3315
2 0 0 9 152 3323
2 0 0 9 153 3334
2 0 0 9 154 3385
2 0 0 9 155 3398
2 0 0 9 156 3400
2 0 0 9 157 3406
2 0 0 9 158 3422
2 0 0 9 159 3430
2 0 0 9 160 2932
2 0 0 9 161 2958
2 0 0 9 162 2963
2 0 0 9 163 2966
2 0 0 9 164 2970
2 0 0 9 165 2974
2 0 0 9 166 2992
2 0 0 9 167 2995
2 0 0 9 168 3025
2 0 0 9 169 3041
2 0 0 9 170 3058
2 0 0 9 171 3060
2 0 0 9 172 3076
2 0 0 9 173 3091
2 0 0 9 174 3098
2 0 0 9 175 3109
2 0 0 9 176 3111
2 0 0 9 177 3123
2 0 0 9 178 3130
2 0 0 9 179 3140
2 0 0 9 180 3143
2 0 0 9 181 3155
2 0 0 9 182 3163
2 0 0 9 183 3172
2 0 0 9 184 3181
2 0 0 9 185 3187
2 0 0 9 186 3188
2 0 0 9 187 3208
2 0 0 9 188 3211
2 0 0 9 189 3230
2 0 0 9 190 3236
2 0 0 9 191 3239
2 0 0 9 0 2791
2 0 0 9 1 2800
2 0 0 9 2 2818
2 0 0 9 3 2819
2 0 0 9 4 2836
2 0 0 9 5 2842
2 0 0 9 6 2866
2 0 0 9 7 2880
2 0 0 9 8 2894
2 0 0 9 9 2904
2 0 0 9 10 2916
2 0 0 9 11 2928
2 0 0 9 12 2932
2 0 0 9 13 2960
2 0 0 9 14 2997
2 0 0 9 15 3033
2 0 0 9 16 3034
2 0 0 9 17 3046
2 0 0 9 18 3059
2 0 0 9 19 3078
2 0 0 9 20 3084
2 0 0 9 21 3085
2 0 0 9 22 3089
2 0 0 9 23 3093
2 0 0 9 24 3097
2 0 0 9 25 3109
2 0 0 9 26 3112
2 0 0 9 27 3114
2 0 0 9 28 3115
2 0 0 9 29 3134
2 0 0 9 30 3138
2 0 0 9 31 3143
2 0 0 9 96 2937
2 0 0 9 97 2959
2 0 0 9 98 2961
2 0 0 9 99 2976
2 0 0 9 100 2983
2 0 0 9 101 3012
2 0 0 9 102 3013
2 0 0 9 103 3022
2 0 0 9 104 3040
2 0 0 9 105 3050
2 0 0 9 106 3072
2 0 0 9 107 3086
2 0 0 9 108 3092
2 0 0 9 109 3114
2 0 0 9 110 3121
2 0 0 9 111 3129
2 0 0 9 112 3152
2 0 0 9 113 3168
2 0 0 9 114 3175
2 0 0 9 115 3192
2 0 0 9 116 3202
2 0 0 9 117 3211
2 0 0 9 118 3213
2 0 0 9 119 3218
2 0 0 9 120 3230
2 0 0 9 121 3234
2 0 0 9 122 3243
2 0 0 9 123 3261
2 0 0 9 124 3263
2 0 0 9 125 3271
2 0 0 9 126 3282
2 0 0 9 127 3295
2 0 0 9 64 2944
2 0 0 9 65 2970
2 0 0 9 66 2976
2 0 0 9 67 2982
2 0 0 9 68 2983
2 0 0 9 69 3001
2 0 0 9 70 3004
2 0 0 9 71 3016
2 0 0 9 72 3019
2 0 0 9 73 3033
2 0 0 9 74 3043
2 0 0 9 75 3082
2 0 0 9 76 3096
2 0 0 9 77 3112
2 0 0 9 78 3127
2 0 0 9 79 3146
2 0 0 9 80 3154
2 0 0 9 81 3167
2 0 0 9 82 3184
2 0 0 9 83 3190
2 0 0 9 84 3204
2 0 0 9 85 3215
2 0 0 9 86 3231
2 0 0 9 87 3235
2 0 0 9 88 3238
2 0 0 9 89 3254
2 0 0 9 90 3261
2 0 0 9 91 3265
2 0 0 9 92 3281
2 0 0 9 93 3287
2 0 0 9 94 3288
2 0 0 9 95 3302
2 0 0 9 224 2752
2 0 0 9 225 2757
2 0 0 9 226 2759
2 0 0 9 227 2778
2 0 0 9 228 2798
2 0 0 9 229 2799
2 0 0 9 230 2810
2 0 0 9 231 2813
2 0 0 9 232 2817
2 0 0 9 233 2820
2 0 0 9 234 2824
2 0 0 9 235 2844
2 0 0 9 236 2855
2 0 0 9 237 2858
2 0 0 9 238 2867
2 0 0 9 239 2874
2 0 0 9 240 2884
2 0 0 9 241 2917
2 0 0 9 242 2928
2 0 0 9 243 2940
2 0 0 9 244 2959
2 0 0 9 245 2994
2 0 0 9 246 3024
2 0 0 9 247 3037
2 0 0 9 248 3046
2 0 0 9 249 3113
2 0 0 9 250 3149
2 0 0 9 251 3185
2 0 0 9 252 3188
2 0 0 9 253 3193
2 0 0 9 254 3196
2 0 0 9 255 3244
2 0 0 9 32 3258
2 0 0 9 33 3262
2 0 0 9 34 3278
2 0 0 9 35 3280
2 0 0 9 36 3285
2 0 0 9 37 3293
2 0 0 9 38 3301
2 0 0 9 39 3324
2 0 0 9 40 3344
2 0 0 9 41 3348
2 0 0 9 42 3351
2 0 0 9 43 3359
2 0 0 9 44 3373
2 0 0 9 45 3384
2 0 0 9 46 3398
2 0 0 9 47 3404
2 0 0 9 48 3416
2 0 0 9 49 3418
2 0 0 9 50 3420
2 0 0 9 51 3425
2 0 0 9 52 3426
2 0 0 9 53 3428
2 0 0 9 54 3433
2 0 0 9 55 3439
2 0 0 9 56 3450
2 0 0 9 57 3452
2 0 0 9 58 3460
2 0 0 9 59 3461
2 0 0 9 60 3469
2 0 0 9 61 3476
2 0 0 9 62 3486
2 0 0 9 63 3492
2 0 0 9 192 2886
2 0 0 9 193 2887
2 0 0 9 194 2900
2 0 0 9 195 2913
2 0 0 9 196 2918
2 0 0 9 197 2921
2 0 0 9 198 2926
2 0 0 9 199 2943
2 0 0 9 200 2968
2 0 0 9 201 2979
2 0 0 9 202 2988
2 0 0 9 203 2990
2 0 0 9 204 2991
2 0 0 9 205 3005
2 0 0 9 206 3035
2 0 0 9 207 3041
2 0 0 9 208 3054
2 0 0 9 209 3062
2 0 0 9 210 3064
2 0 0 9 211 3068
2 0 0 9 212 3088
2 0 0 9 213 3094
2 0 0 9 214 3098
2 0 0 9 215 3117
2 0 0 9 216 3135
2 0 0 9 217 3138
2 0 0 9 218 3139
2 0 0 9 219 3140
2 0 0 9 220 3153
2 0 0 9 221 3172
2 0 0 9 222 3179
2 0 0 9 223 3188
2 0 0 10 64 3321
2 0 0 10 65 3332
2 0 0 10 66 3333
2 0 0 10 67 3338
2 0 0 10 68 3340
2 0 0 10 69 3353
2 0 0 10 70 3354
2 0 0 10 71 3371
2 0 0 10 72 3380
2 0 0 10 73 3405
2 0 0 10 74 3409
2 0 0 10 75 3429
2 0 0 10 76 3441
2 0 0 10 77 3449
2 0 0 10 78 3458
2 0 0 10 79 3466
2 0 0 10 80 3471
2 0 0 10 81 3474
2 0 0 10 82 3480
2 0 0 10 83 3491
2 0 0 10 84 3498
2 0 0 10 85 3502
2 0 0 10 86 3516
2 0 0 10 87 3541
2 0 0 10 88 3551
2 0 0 10 89 3553
2 0 0 10 90 3557
2 0 0 10 91 3567
2 0 0 10 92 3568
2 0 0 10 93 3592
2 0 0 10 94 3600
2 0 0 10 95 3607
2 0 0 10 192 3195
2 0 0 10 193 3200
2 0 0 10 194 3202
2 0 0 10 195 3206
2 0 0 10 196 3218
2 0 0 10 197 3266
2 0 0 10 198 3268
2 0 0 10 199 3277
2 0 0 10 200 3279
2 0 0 10 201 3291
2 0 0 10 202 3292
2 0 0 10 203 3293
2 0 0 10 204 3304
2 0 0 10 205 3331
2 0 0 10 206 3343
2 0 0 10 207 3349
2 0 0 10 208 3350
2 0 0 10 209 3358
2 0 0 10 210 3371
2 0 0 10 211 3381
2 0 0 10 212 3382
2 0 0 10 213 3391
2 0 0 10 214 3396
2 0 0 10 215 3404
2 0 0 10 216 3412
2 0 0 10 217 3417
2 0 0 10 218 3443
2 0 0 10 219 3449
2 0 0 10 220 3465
2 0 0 10 221 3489
2 0 0 10 222 3498
2 0 0 10 223 3500
2 0 0 10 160 3284
2 0 0 10 161 3289
2 0 0 10 162 3294
2 0 0 10 163 3319
2 0 0 10 164 3328
2 0 0 10 165 3348
2 0 0 10 166 3351
2 0 0 10 167 3361
2 0 0 10 168 3362
2 0 0 10 169 3365
2 0 0 10 170 3368
2 0 0 10 171 3370
2 0 0 10 172 3376
2 0 0 10 173 3395
2 0 0 10 174 3406
2 0 0 10 175 3441
2 0 0 10 176 3442
2 0 0 10 177 3455
2 0 0 10 178 3467
2 0 0 10 179 3483
2 0 0 10 180 3497
2 0 0 10 181 3555
2 0 0 10 182 3565
2 0 0 10 183 3570
2 0 0 10 184 3577
2 0 0 10 185 3580
2 0 0 10 186 3607
2 0 0 10 187 3613
2 0 0 10 188 3622
2 0 0 10 189 3623
2 0 0 10 190 3627
2 0 0 10 191 3632
2 0 0 10 32 3502
2 0 0 10 33 3503
2 0 0 10 34 3504
2 0 0 10 35 3516
2 0 0 10 36 3526
2 0 0 10 37 3540
2 0 0 10 38 3546
2 0 0 10 39 3550
2 0 0 10 40 3552
2 0 0 10 41 3565
2 0 0 10 42 3574
2 0 0 10 43 3583
2 0 0 10 44 3584
2 0 0 10 45 3585
2 0 0 10 46 3604
2 0 0 10 47 3617
2 0 0 10 48 3624
2 0 0 10 49 3626
2 0 0 10 50 3638
2 0 0 10 51 3646
2 0 0 10 52 3649
2 0 0 10 53 3654
2 0 0 10 54 3678
2 0 0 10 55 3680
2 0 0 10 56 3684
2 0 0 10 57 3693
2 0 0 10 58 3695
2 0 0 10 59 3713
2 0 0 10 60 3719
2 0 0 10 61 3723
2 0 0 10 62 3729
2 0 0 10 63 3736
2 0 0 10 0 3146
2 0 0 10 1 3149
2 0 0 10 2 3154
2 0 0 10 3 3198
2 0 0 10 4 3201
2 0 0 10 5 3212
2 0 0 10 6 3214
2 0 0 10 7 3219
2 0 0 10 8 3229
2 0 0 10 9 3247
2 0 0 10 10 3270
2 0 0 10 11 3296
2 0 0 10 12 3299
2 0 0 10 13 3304
2 0 0 10 14 3344
2 0 0 10 15 3348
2 0 0 10 16 3365
2 0 0 10 17 3377
2 0 0 10 18 3384
2 0 0 10 19 3397
2 0 0 10 20 3405
2 0 0 10 21 3422
2 0 0 10 22 3424
2 0 0 10 23 3425
2 0 0 10 24 3431
2 0 0 10 25 3455
2 0 0 10 26 3464
2 0 0 10 27 3473
2 0 0 10 28 3492
2 0 0 10 29 3504
2 0 0 10 30 3506
2 0 0 10 31 3512
2 0 0 10 128 3442
2 0 0 10 129 3451
2 0 0 10 130 3480
2 0 0 10 131 3482
2 0 0 10 132 3483
2 0 0 10 133 3484
2 0 0 10 134 3489
2 0 0 10 135 3511
2 0 0 10 136 3528
2 0 0 10 137 3529
2 0 0 10 138 3532
2 0 0 10 139 3542
2 0 0 10 140 3552
2 0 0 10 141 3568
2 0 0 10 142 3569
2 0 0 10 143 3577
2 0 0 10 144 3589
2 0 0 10 145 3600
2 0 0 10 146 3611
2 0 0 10 147 3615
2 0 0 10 148 3620
2 0 0 10 149 3637
2 0 0 10 150 3640
2 0 0 10 151 3649
2 0 0 10 152 3662
2 0 0 10 153 3665
2 0 0 10 154 3666
2 0 0 10 155 3674
2 0 0 10 156 3680
2 0 0 10 157 3690
2 0 0 10 158 3691
2 0 0 10 159 3700
2 0 0 10 96 3306
2 0 0 10 97 3314
2 0 0 10 98 3324
2 0 0 10 99 3329
2 0 0 10 100 3331
2 0 0 10 101 3352
2 0 0 10 102 3359
2 0 0 10 103 3362
2 0 0 10 104 3365
2 0 0 10 105 3367
2 0 0 10 106 3377
2 0 0 10 107 3387
2 0 0 10 108 3403
2 0 0 10 109 3409
2 0 0 10 110 3413
2 0 0 10 111 3429
2 0 0 10 112 3435
2 0 0 10 113 3444
2 0 0 10 114 3469
2 0 0 10 115 3516
2 0 0 10 116 3536
2 0 0 10 117 3540
2 0 0 10 118 3541
2 0 0 10 119 3563
2 0 0 10 120 3569
2 0 0 10 121 3572
2 0 0 10 122 3582
2 0 0 10 123 3589
2 0 0 10 124 3590
2 0 0 10 125 3597
2 0 0 10 126 3609
2 0 0 10 127 3612
2 0 0 10 224 3246
2 0 0 10 225 3254
2 0 0 10 226 3269
2 0 0 10 227 3294
2 0 0 10 228 3309
2 0 0 10 229 3316
2 0 0 10 230 3338
2 0 0 10 231 3341
2 0 0 10 232 3344
2 0 0 10 233 3381
2 0 0 10 234 3383
2 0 0 10 235 3389
2 0 0 10 236 3404
2 0 0 10 237 3408
2 0 0 10 238 3417
2 0 0 10 239 3427
2 0 0 10 240 3433
2 0 0 10 241 3460
2 0 0 10 242 3464
2 0 0 10 243 3468
2 0 0 10 244 3470
2 0 0 10 245 3480
2 0 0 10 246 3502
2 0 0 10 247 3509
2 0 0 10 248 3518
2 0 0 10 249 3519
2 0 0 10 250 3527
2 0 0 10 251 3557
2 0 0 10 252 3563
2 0 0 10 253 3571
2 0 0 10 254 3573
2 0 0 10 255 3583
kernel exe time: 0.00570963
spmv passed
