[0, 0, 0, 0, 0, 0]
[0, 0, 0, 0, 1, 1]
[0, 0, 0, 0, 2, 2]
[0, 0, 0, 0, 3, 3]
[0, 0, 0, 0, 4, 4]
[0, 0, 0, 0, 5, 5]
[0, 0, 0, 0, 6, 6]
[0, 0, 0, 0, 7, 7]
[0, 0, 0, 0, 8, 8]
[0, 0, 0, 0, 9, 9]
[0, 0, 0, 0, 10, 10]
[0, 0, 0, 0, 11, 11]
[0, 0, 0, 0, 12, 12]
[0, 0, 0, 0, 13, 13]
[0, 0, 0, 0, 14, 14]
[0, 0, 0, 0, 15, 15]
[0, 0, 0, 0, 16, 16]
[0, 0, 0, 0, 17, 17]
[0, 0, 0, 0, 18, 18]
[0, 0, 0, 0, 19, 19]
[0, 0, 0, 0, 20, 20]
[0, 0, 0, 0, 21, 21]
[0, 0, 0, 0, 22, 22]
[0, 0, 0, 0, 23, 23]
[0, 0, 0, 0, 24, 24]
[0, 0, 0, 0, 25, 25]
[0, 0, 0, 0, 26, 26]
[0, 0, 0, 0, 27, 27]
[0, 0, 0, 0, 28, 28]
[0, 0, 0, 0, 29, 29]
[0, 0, 0, 0, 30, 30]
[0, 0, 0, 0, 31, 31]
[0, 0, 1, 0, 9, 1702]
[0, 0, 1, 0, 21, 1754]
[0, 0, 1, 0, 19, 1802]
[0, 0, 1, 0, 25, 1802]
[0, 0, 1, 0, 31, 1919]
[0, 0, 1, 0, 6, 9494]
[0, 0, 1, 0, 8, 9527]
[0, 0, 1, 0, 7, 9576]
[0, 0, 1, 0, 12, 9667]
[0, 0, 1, 0, 22, 9722]
[0, 0, 1, 0, 30, 15890]
[0, 0, 1, 0, 11, 15899]
[0, 0, 1, 0, 2, 15917]
[0, 0, 1, 0, 18, 15977]
[0, 0, 1, 0, 5, 16060]
[0, 0, 1, 0, 4, 23047]
[0, 0, 1, 0, 3, 23097]
[0, 0, 1, 0, 1, 23143]
[0, 0, 1, 0, 23, 23218]
[0, 0, 1, 0, 27, 24259]
[0, 0, 1, 0, 17, 29743]
[0, 0, 1, 0, 20, 33149]
[0, 0, 1, 0, 16, 33240]
[0, 0, 1, 0, 24, 36340]
[0, 0, 1, 0, 28, 39457]
[0, 0, 1, 0, 15, 41481]
[0, 0, 1, 0, 0, 41554]
[0, 0, 1, 0, 29, 41568]
[0, 0, 1, 0, 14, 41676]
[0, 0, 1, 0, 13, 46600]
[0, 0, 1, 0, 10, 47711]
[0, 0, 1, 0, 26, 47723]
[0, 0, 1, 1, 21, 52]
[0, 0, 1, 1, 0, 1606]
[0, 0, 1, 1, 1, 1863]
[0, 0, 1, 1, 24, 1967]
[0, 0, 1, 1, 26, 7733]
[0, 0, 1, 1, 14, 7774]
[0, 0, 1, 1, 22, 9520]
[0, 0, 1, 1, 10, 9651]
[0, 0, 1, 1, 9, 15910]
[0, 0, 1, 1, 15, 16033]
[0, 0, 1, 1, 13, 23170]
[0, 0, 1, 1, 12, 23189]
[0, 0, 1, 1, 6, 23239]
[0, 0, 1, 1, 25, 29726]
[0, 0, 1, 1, 4, 33092]
[0, 0, 1, 1, 16, 33103]
[0, 0, 1, 1, 29, 33256]
[0, 0, 1, 1, 5, 33258]
[0, 0, 1, 1, 17, 33272]
[0, 0, 1, 1, 3, 36184]
[0, 0, 1, 1, 31, 36316]
[0, 0, 1, 1, 27, 41521]
[0, 0, 1, 1, 18, 41596]
[0, 0, 1, 1, 19, 41602]
[0, 0, 1, 1, 28, 46613]
[0, 0, 1, 1, 30, 47628]
[0, 0, 1, 1, 8, 47671]
[0, 0, 1, 1, 11, 47692]
[0, 0, 1, 1, 23, 47697]
[0, 0, 1, 1, 2, 47850]
[0, 0, 1, 1, 7, 48672]
[0, 0, 1, 1, 20, 48860]
[0, 0, 1, 2, 26, 98]
[0, 0, 1, 2, 0, 1642]
[0, 0, 1, 2, 16, 1699]
[0, 0, 1, 2, 23, 1707]
[0, 0, 1, 2, 7, 1893]
[0, 0, 1, 2, 13, 1913]
[0, 0, 1, 2, 22, 7827]
[0, 0, 1, 2, 20, 7851]
[0, 0, 1, 2, 8, 9487]
[0, 0, 1, 2, 24, 16031]
[0, 0, 1, 2, 10, 16067]
[0, 0, 1, 2, 5, 16078]
[0, 0, 1, 2, 3, 23132]
[0, 0, 1, 2, 11, 23227]
[0, 0, 1, 2, 27, 23245]
[0, 0, 1, 2, 6, 24064]
[0, 0, 1, 2, 18, 29763]
[0, 0, 1, 2, 14, 29894]
[0, 0, 1, 2, 30, 33063]
[0, 0, 1, 2, 12, 33136]
[0, 0, 1, 2, 9, 33181]
[0, 0, 1, 2, 19, 36196]
[0, 0, 1, 2, 25, 36343]
[0, 0, 1, 2, 17, 39458]
[0, 0, 1, 2, 4, 39626]
[0, 0, 1, 2, 2, 46638]
[0, 0, 1, 2, 15, 46644]
[0, 0, 1, 2, 21, 46665]
[0, 0, 1, 2, 28, 47779]
[0, 0, 1, 2, 1, 47780]
[0, 0, 1, 2, 29, 47816]
[0, 0, 1, 2, 31, 48761]
[0, 0, 1, 3, 27, 37]
[0, 0, 1, 3, 23, 69]
[0, 0, 1, 3, 14, 1605]
[0, 0, 1, 3, 3, 1895]
[0, 0, 1, 3, 7, 1896]
[0, 0, 1, 3, 31, 1958]
[0, 0, 1, 3, 2, 2001]
[0, 0, 1, 3, 17, 2002]
[0, 0, 1, 3, 30, 2010]
[0, 0, 1, 3, 29, 7683]
[0, 0, 1, 3, 28, 9711]
[0, 0, 1, 3, 6, 23268]
[0, 0, 1, 3, 26, 24163]
[0, 0, 1, 3, 8, 24220]
[0, 0, 1, 3, 15, 24272]
[0, 0, 1, 3, 4, 29795]
[0, 0, 1, 3, 11, 29918]
[0, 0, 1, 3, 18, 33163]
[0, 0, 1, 3, 5, 36231]
[0, 0, 1, 3, 25, 36266]
[0, 0, 1, 3, 20, 36322]
[0, 0, 1, 3, 16, 39436]
[0, 0, 1, 3, 19, 41549]
[0, 0, 1, 3, 12, 41598]
[0, 0, 1, 3, 9, 41653]
[0, 0, 1, 3, 13, 46712]
[0, 0, 1, 3, 24, 46751]
[0, 0, 1, 3, 1, 46802]
[0, 0, 1, 3, 0, 46837]
[0, 0, 1, 3, 21, 47749]
[0, 0, 1, 3, 10, 47868]
[0, 0, 1, 3, 22, 48707]
[0, 0, 1, 4, 19, 13]
[0, 0, 1, 4, 18, 1615]
[0, 0, 1, 4, 2, 1724]
[0, 0, 1, 4, 24, 1780]
[0, 0, 1, 4, 17, 1796]
[0, 0, 1, 4, 12, 1907]
[0, 0, 1, 4, 4, 1964]
[0, 0, 1, 4, 3, 7722]
[0, 0, 1, 4, 31, 7862]
[0, 0, 1, 4, 25, 7869]
[0, 0, 1, 4, 9, 7875]
[0, 0, 1, 4, 29, 7895]
[0, 0, 1, 4, 20, 15914]
[0, 0, 1, 4, 27, 16020]
[0, 0, 1, 4, 26, 16095]
[0, 0, 1, 4, 0, 23283]
[0, 0, 1, 4, 6, 29774]
[0, 0, 1, 4, 10, 29800]
[0, 0, 1, 4, 8, 29855]
[0, 0, 1, 4, 16, 33055]
[0, 0, 1, 4, 7, 36100]
[0, 0, 1, 4, 28, 36154]
[0, 0, 1, 4, 30, 39440]
[0, 0, 1, 4, 11, 41544]
[0, 0, 1, 4, 23, 41621]
[0, 0, 1, 4, 5, 46669]
[0, 0, 1, 4, 22, 46774]
[0, 0, 1, 4, 1, 47676]
[0, 0, 1, 4, 15, 47846]
[0, 0, 1, 4, 13, 48640]
[0, 0, 1, 4, 21, 48662]
[0, 0, 1, 4, 14, 48854]
[0, 0, 1, 5, 11, 1827]
[0, 0, 1, 5, 22, 1961]
[0, 0, 1, 5, 8, 7699]
[0, 0, 1, 5, 23, 7777]
[0, 0, 1, 5, 30, 7934]
[0, 0, 1, 5, 28, 9527]
[0, 0, 1, 5, 2, 23146]
[0, 0, 1, 5, 5, 23162]
[0, 0, 1, 5, 14, 23238]
[0, 0, 1, 5, 29, 24066]
[0, 0, 1, 5, 21, 24179]
[0, 0, 1, 5, 4, 24308]
[0, 0, 1, 5, 15, 29706]
[0, 0, 1, 5, 6, 29773]
[0, 0, 1, 5, 10, 29830]
[0, 0, 1, 5, 31, 29833]
[0, 0, 1, 5, 19, 29875]
[0, 0, 1, 5, 0, 33108]
[0, 0, 1, 5, 1, 33175]
[0, 0, 1, 5, 16, 36234]
[0, 0, 1, 5, 3, 39448]
[0, 0, 1, 5, 26, 39456]
[0, 0, 1, 5, 24, 39476]
[0, 0, 1, 5, 17, 39489]
[0, 0, 1, 5, 18, 41543]
[0, 0, 1, 5, 7, 41651]
[0, 0, 1, 5, 12, 41656]
[0, 0, 1, 5, 9, 46652]
[0, 0, 1, 5, 20, 46776]
[0, 0, 1, 5, 25, 46828]
[0, 0, 1, 5, 27, 47789]
[0, 0, 1, 5, 13, 48876]
[0, 0, 1, 6, 10, 1592]
[0, 0, 1, 6, 21, 1598]
[0, 0, 1, 6, 23, 1774]
[0, 0, 1, 6, 25, 2014]
[0, 0, 1, 6, 17, 7772]
[0, 0, 1, 6, 11, 7780]
[0, 0, 1, 6, 3, 7890]
[0, 0, 1, 6, 2, 9576]
[0, 0, 1, 6, 16, 15894]
[0, 0, 1, 6, 4, 15996]
[0, 0, 1, 6, 14, 23089]
[0, 0, 1, 6, 27, 23109]
[0, 0, 1, 6, 15, 23190]
[0, 0, 1, 6, 12, 23201]
[0, 0, 1, 6, 24, 24064]
[0, 0, 1, 6, 9, 29896]
[0, 0, 1, 6, 13, 36144]
[0, 0, 1, 6, 29, 36154]
[0, 0, 1, 6, 5, 36219]
[0, 0, 1, 6, 31, 36260]
[0, 0, 1, 6, 1, 39462]
[0, 0, 1, 6, 19, 39573]
[0, 0, 1, 6, 20, 39573]
[0, 0, 1, 6, 28, 39580]
[0, 0, 1, 6, 18, 39629]
[0, 0, 1, 6, 30, 39644]
[0, 0, 1, 6, 8, 41552]
[0, 0, 1, 6, 7, 41654]
[0, 0, 1, 6, 26, 46671]
[0, 0, 1, 6, 0, 46673]
[0, 0, 1, 6, 6, 46686]
[0, 0, 1, 6, 22, 47798]
[0, 0, 1, 7, 18, 171]
[0, 0, 1, 7, 28, 1664]
[0, 0, 1, 7, 30, 1866]
[0, 0, 1, 7, 24, 2019]
[0, 0, 1, 7, 10, 7728]
[0, 0, 1, 7, 23, 7755]
[0, 0, 1, 7, 2, 7906]
[0, 0, 1, 7, 25, 9661]
[0, 0, 1, 7, 22, 9716]
[0, 0, 1, 7, 0, 23132]
[0, 0, 1, 7, 1, 23181]
[0, 0, 1, 7, 16, 23222]
[0, 0, 1, 7, 26, 23230]
[0, 0, 1, 7, 19, 23258]
[0, 0, 1, 7, 5, 24265]
[0, 0, 1, 7, 27, 24291]
[0, 0, 1, 7, 21, 29868]
[0, 0, 1, 7, 14, 33030]
[0, 0, 1, 7, 15, 33047]
[0, 0, 1, 7, 8, 33109]
[0, 0, 1, 7, 29, 33139]
[0, 0, 1, 7, 31, 33171]
[0, 0, 1, 7, 13, 33185]
[0, 0, 1, 7, 20, 33215]
[0, 0, 1, 7, 12, 33239]
[0, 0, 1, 7, 17, 36123]
[0, 0, 1, 7, 4, 36222]
[0, 0, 1, 7, 3, 36242]
[0, 0, 1, 7, 7, 39522]
[0, 0, 1, 7, 9, 46611]
[0, 0, 1, 7, 6, 46794]
[0, 0, 1, 7, 11, 48768]
[0, 0, 1, 8, 22, 85]
[0, 0, 1, 8, 18, 98]
[0, 0, 1, 8, 14, 1639]
[0, 0, 1, 8, 5, 1784]
[0, 0, 1, 8, 10, 7833]
[0, 0, 1, 8, 28, 9498]
[0, 0, 1, 8, 20, 9619]
[0, 0, 1, 8, 17, 9719]
[0, 0, 1, 8, 12, 15928]
[0, 0, 1, 8, 30, 15986]
[0, 0, 1, 8, 23, 23125]
[0, 0, 1, 8, 29, 23170]
[0, 0, 1, 8, 1, 23283]
[0, 0, 1, 8, 8, 24182]
[0, 0, 1, 8, 24, 24192]
[0, 0, 1, 8, 13, 24259]
[0, 0, 1, 8, 3, 24315]
[0, 0, 1, 8, 15, 29713]
[0, 0, 1, 8, 6, 29719]
[0, 0, 1, 8, 2, 29943]
[0, 0, 1, 8, 21, 33074]
[0, 0, 1, 8, 11, 33107]
[0, 0, 1, 8, 27, 33131]
[0, 0, 1, 8, 19, 36191]
[0, 0, 1, 8, 7, 36221]
[0, 0, 1, 8, 4, 36231]
[0, 0, 1, 8, 16, 36257]
[0, 0, 1, 8, 0, 41593]
[0, 0, 1, 8, 31, 41683]
[0, 0, 1, 8, 9, 46738]
[0, 0, 1, 8, 25, 47823]
[0, 0, 1, 8, 26, 48861]
[0, 0, 1, 9, 31, 22]
[0, 0, 1, 9, 8, 205]
[0, 0, 1, 9, 5, 1538]
[0, 0, 1, 9, 26, 1566]
[0, 0, 1, 9, 28, 1799]
[0, 0, 1, 9, 25, 1886]
[0, 0, 1, 9, 20, 2036]
[0, 0, 1, 9, 29, 7764]
[0, 0, 1, 9, 6, 7766]
[0, 0, 1, 9, 30, 7775]
[0, 0, 1, 9, 10, 9674]
[0, 0, 1, 9, 4, 15991]
[0, 0, 1, 9, 17, 16126]
[0, 0, 1, 9, 12, 23284]
[0, 0, 1, 9, 19, 23287]
[0, 0, 1, 9, 11, 23293]
[0, 0, 1, 9, 18, 24260]
[0, 0, 1, 9, 7, 24269]
[0, 0, 1, 9, 9, 29758]
[0, 0, 1, 9, 23, 33092]
[0, 0, 1, 9, 0, 33128]
[0, 0, 1, 9, 27, 36131]
[0, 0, 1, 9, 24, 36181]
[0, 0, 1, 9, 1, 36255]
[0, 0, 1, 9, 14, 36340]
[0, 0, 1, 9, 2, 41563]
[0, 0, 1, 9, 13, 41576]
[0, 0, 1, 9, 21, 41681]
[0, 0, 1, 9, 15, 46846]
[0, 0, 1, 9, 22, 47848]
[0, 0, 1, 9, 16, 48679]
[0, 0, 1, 9, 3, 48841]
[0, 0, 1, 10, 21, 160]
[0, 0, 1, 10, 3, 238]
[0, 0, 1, 10, 27, 1537]
[0, 0, 1, 10, 13, 1685]
[0, 0, 1, 10, 20, 1718]
[0, 0, 1, 10, 12, 1748]
[0, 0, 1, 10, 23, 1844]
[0, 0, 1, 10, 11, 1867]
[0, 0, 1, 10, 29, 1914]
[0, 0, 1, 10, 18, 1961]
[0, 0, 1, 10, 31, 7922]
[0, 0, 1, 10, 24, 9511]
[0, 0, 1, 10, 16, 9652]
[0, 0, 1, 10, 6, 9676]
[0, 0, 1, 10, 25, 15890]
[0, 0, 1, 10, 26, 15900]
[0, 0, 1, 10, 5, 15936]
[0, 0, 1, 10, 15, 23051]
[0, 0, 1, 10, 19, 23199]
[0, 0, 1, 10, 1, 23285]
[0, 0, 1, 10, 17, 24130]
[0, 0, 1, 10, 7, 24248]
[0, 0, 1, 10, 28, 29859]
[0, 0, 1, 10, 22, 29893]
[0, 0, 1, 10, 8, 33058]
[0, 0, 1, 10, 4, 33095]
[0, 0, 1, 10, 30, 33183]
[0, 0, 1, 10, 0, 33238]
[0, 0, 1, 10, 9, 36320]
[0, 0, 1, 10, 14, 41583]
[0, 0, 1, 10, 2, 41602]
[0, 0, 1, 10, 10, 47727]
[0, 0, 1, 11, 31, 114]
[0, 0, 1, 11, 13, 1687]
[0, 0, 1, 11, 16, 1709]
[0, 0, 1, 11, 1, 1737]
[0, 0, 1, 11, 21, 1768]
[0, 0, 1, 11, 23, 1818]
[0, 0, 1, 11, 29, 1829]
[0, 0, 1, 11, 2, 2029]
[0, 0, 1, 11, 19, 7688]
[0, 0, 1, 11, 26, 9712]
[0, 0, 1, 11, 22, 9718]
[0, 0, 1, 11, 7, 15946]
[0, 0, 1, 11, 27, 16007]
[0, 0, 1, 11, 8, 24110]
[0, 0, 1, 11, 15, 24192]
[0, 0, 1, 11, 5, 29759]
[0, 0, 1, 11, 12, 36227]
[0, 0, 1, 11, 17, 36267]
[0, 0, 1, 11, 30, 36332]
[0, 0, 1, 11, 24, 39604]
[0, 0, 1, 11, 14, 39677]
[0, 0, 1, 11, 28, 41499]
[0, 0, 1, 11, 20, 41522]
[0, 0, 1, 11, 10, 41593]
[0, 0, 1, 11, 3, 41597]
[0, 0, 1, 11, 18, 41637]
[0, 0, 1, 11, 0, 46621]
[0, 0, 1, 11, 9, 46772]
[0, 0, 1, 11, 25, 46838]
[0, 0, 1, 11, 11, 47810]
[0, 0, 1, 11, 6, 48727]
[0, 0, 1, 11, 4, 48757]
[0, 0, 1, 12, 13, 236]
[0, 0, 1, 12, 15, 251]
[0, 0, 1, 12, 9, 1645]
[0, 0, 1, 12, 21, 1795]
[0, 0, 1, 12, 8, 1815]
[0, 0, 1, 12, 26, 7700]
[0, 0, 1, 12, 23, 7738]
[0, 0, 1, 12, 24, 9583]
[0, 0, 1, 12, 27, 15891]
[0, 0, 1, 12, 2, 24101]
[0, 0, 1, 12, 0, 24153]
[0, 0, 1, 12, 29, 29807]
[0, 0, 1, 12, 30, 33156]
[0, 0, 1, 12, 12, 33207]
[0, 0, 1, 12, 20, 33277]
[0, 0, 1, 12, 18, 36208]
[0, 0, 1, 12, 5, 36215]
[0, 0, 1, 12, 28, 36238]
[0, 0, 1, 12, 22, 36305]
[0, 0, 1, 12, 3, 39606]
[0, 0, 1, 12, 1, 39612]
[0, 0, 1, 12, 14, 46731]
[0, 0, 1, 12, 4, 46836]
[0, 0, 1, 12, 6, 47765]
[0, 0, 1, 12, 16, 47783]
[0, 0, 1, 12, 31, 48643]
[0, 0, 1, 12, 25, 48658]
[0, 0, 1, 12, 7, 48676]
[0, 0, 1, 12, 11, 48758]
[0, 0, 1, 12, 10, 48767]
[0, 0, 1, 12, 19, 48796]
[0, 0, 1, 12, 17, 48811]
[0, 0, 1, 13, 3, 19]
[0, 0, 1, 13, 27, 21]
[0, 0, 1, 13, 17, 234]
[0, 0, 1, 13, 15, 1942]
[0, 0, 1, 13, 23, 7685]
[0, 0, 1, 13, 29, 7689]
[0, 0, 1, 13, 26, 9519]
[0, 0, 1, 13, 14, 9563]
[0, 0, 1, 13, 9, 9720]
[0, 0, 1, 13, 6, 15940]
[0, 0, 1, 13, 31, 15990]
[0, 0, 1, 13, 2, 23102]
[0, 0, 1, 13, 12, 23114]
[0, 0, 1, 13, 1, 23118]
[0, 0, 1, 13, 20, 23123]
[0, 0, 1, 13, 25, 23169]
[0, 0, 1, 13, 19, 29711]
[0, 0, 1, 13, 13, 29772]
[0, 0, 1, 13, 5, 33076]
[0, 0, 1, 13, 10, 33244]
[0, 0, 1, 13, 24, 36193]
[0, 0, 1, 13, 18, 39508]
[0, 0, 1, 13, 4, 39678]
[0, 0, 1, 13, 22, 41672]
[0, 0, 1, 13, 30, 46606]
[0, 0, 1, 13, 16, 46767]
[0, 0, 1, 13, 11, 46794]
[0, 0, 1, 13, 7, 47694]
[0, 0, 1, 13, 0, 47704]
[0, 0, 1, 13, 21, 47773]
[0, 0, 1, 13, 8, 48711]
[0, 0, 1, 13, 28, 48822]
[0, 0, 1, 14, 8, 124]
[0, 0, 1, 14, 9, 1787]
[0, 0, 1, 14, 28, 1840]
[0, 0, 1, 14, 12, 1869]
[0, 0, 1, 14, 25, 1879]
[0, 0, 1, 14, 17, 1882]
[0, 0, 1, 14, 15, 2011]
[0, 0, 1, 14, 18, 9615]
[0, 0, 1, 14, 2, 15931]
[0, 0, 1, 14, 4, 16008]
[0, 0, 1, 14, 30, 16117]
[0, 0, 1, 14, 27, 23222]
[0, 0, 1, 14, 23, 23266]
[0, 0, 1, 14, 20, 24129]
[0, 0, 1, 14, 19, 24157]
[0, 0, 1, 14, 24, 24249]
[0, 0, 1, 14, 10, 29809]
[0, 0, 1, 14, 7, 29838]
[0, 0, 1, 14, 1, 36130]
[0, 0, 1, 14, 31, 36225]
[0, 0, 1, 14, 21, 39483]
[0, 0, 1, 14, 22, 39571]
[0, 0, 1, 14, 5, 41533]
[0, 0, 1, 14, 16, 41539]
[0, 0, 1, 14, 14, 41545]
[0, 0, 1, 14, 26, 41585]
[0, 0, 1, 14, 29, 46811]
[0, 0, 1, 14, 13, 46817]
[0, 0, 1, 14, 0, 47707]
[0, 0, 1, 14, 3, 47803]
[0, 0, 1, 14, 6, 48780]
[0, 0, 1, 14, 11, 48798]
[0, 0, 1, 15, 7, 176]
[0, 0, 1, 15, 4, 1711]
[0, 0, 1, 15, 19, 1835]
[0, 0, 1, 15, 17, 7918]
[0, 0, 1, 15, 22, 9484]
[0, 0, 1, 15, 15, 9540]
[0, 0, 1, 15, 0, 9633]
[0, 0, 1, 15, 18, 9674]
[0, 0, 1, 15, 6, 9683]
[0, 0, 1, 15, 31, 9720]
[0, 0, 1, 15, 10, 23162]
[0, 0, 1, 15, 11, 23272]
[0, 0, 1, 15, 12, 24149]
[0, 0, 1, 15, 23, 24269]
[0, 0, 1, 15, 9, 24297]
[0, 0, 1, 15, 1, 29719]
[0, 0, 1, 15, 13, 29753]
[0, 0, 1, 15, 28, 29765]
[0, 0, 1, 15, 2, 33095]
[0, 0, 1, 15, 20, 33114]
[0, 0, 1, 15, 26, 33131]
[0, 0, 1, 15, 3, 33266]
[0, 0, 1, 15, 21, 39492]
[0, 0, 1, 15, 30, 39520]
[0, 0, 1, 15, 24, 41553]
[0, 0, 1, 15, 14, 41580]
[0, 0, 1, 15, 29, 41631]
[0, 0, 1, 15, 8, 41637]
[0, 0, 1, 15, 5, 41727]
[0, 0, 1, 15, 16, 46722]
[0, 0, 1, 15, 27, 46724]
[0, 0, 1, 15, 25, 47819]
[0, 0, 1, 16, 3, 90]
[0, 0, 1, 16, 27, 128]
[0, 0, 1, 16, 14, 148]
[0, 0, 1, 16, 19, 217]
[0, 0, 1, 16, 15, 1539]
[0, 0, 1, 16, 13, 1698]
[0, 0, 1, 16, 5, 1764]
[0, 0, 1, 16, 4, 2032]
[0, 0, 1, 16, 20, 7806]
[0, 0, 1, 16, 11, 9540]
[0, 0, 1, 16, 1, 16111]
[0, 0, 1, 16, 8, 16119]
[0, 0, 1, 16, 22, 23052]
[0, 0, 1, 16, 17, 23148]
[0, 0, 1, 16, 28, 29754]
[0, 0, 1, 16, 9, 29853]
[0, 0, 1, 16, 18, 33091]
[0, 0, 1, 16, 30, 33198]
[0, 0, 1, 16, 10, 33221]
[0, 0, 1, 16, 31, 33238]
[0, 0, 1, 16, 23, 36113]
[0, 0, 1, 16, 24, 36142]
[0, 0, 1, 16, 7, 39457]
[0, 0, 1, 16, 6, 39491]
[0, 0, 1, 16, 2, 39510]
[0, 0, 1, 16, 0, 39620]
[0, 0, 1, 16, 12, 46642]
[0, 0, 1, 16, 26, 46842]
[0, 0, 1, 16, 29, 47694]
[0, 0, 1, 16, 25, 47826]
[0, 0, 1, 16, 16, 47859]
[0, 0, 1, 16, 21, 47863]
[0, 0, 1, 17, 20, 26]
[0, 0, 1, 17, 5, 1581]
[0, 0, 1, 17, 28, 1712]
[0, 0, 1, 17, 1, 2022]
[0, 0, 1, 17, 10, 7695]
[0, 0, 1, 17, 26, 7748]
[0, 0, 1, 17, 0, 7896]
[0, 0, 1, 17, 30, 9539]
[0, 0, 1, 17, 25, 9605]
[0, 0, 1, 17, 27, 9649]
[0, 0, 1, 17, 29, 15894]
[0, 0, 1, 17, 7, 16081]
[0, 0, 1, 17, 18, 16123]
[0, 0, 1, 17, 31, 23087]
[0, 0, 1, 17, 6, 23152]
[0, 0, 1, 17, 8, 23197]
[0, 0, 1, 17, 11, 24164]
[0, 0, 1, 17, 12, 24210]
[0, 0, 1, 17, 19, 24224]
[0, 0, 1, 17, 21, 24250]
[0, 0, 1, 17, 3, 29713]
[0, 0, 1, 17, 15, 29807]
[0, 0, 1, 17, 22, 29835]
[0, 0, 1, 17, 23, 29934]
[0, 0, 1, 17, 24, 33226]
[0, 0, 1, 17, 4, 39650]
[0, 0, 1, 17, 13, 41492]
[0, 0, 1, 17, 2, 46635]
[0, 0, 1, 17, 17, 46670]
[0, 0, 1, 17, 16, 48710]
[0, 0, 1, 17, 14, 48875]
[0, 0, 1, 17, 9, 48883]
[0, 0, 1, 18, 6, 0]
[0, 0, 1, 18, 28, 246]
[0, 0, 1, 18, 13, 1739]
[0, 0, 1, 18, 15, 1840]
[0, 0, 1, 18, 4, 1985]
[0, 0, 1, 18, 22, 1990]
[0, 0, 1, 18, 16, 7922]
[0, 0, 1, 18, 2, 9517]
[0, 0, 1, 18, 17, 9525]
[0, 0, 1, 18, 0, 9573]
[0, 0, 1, 18, 26, 9712]
[0, 0, 1, 18, 19, 23079]
[0, 0, 1, 18, 21, 23134]
[0, 0, 1, 18, 9, 23175]
[0, 0, 1, 18, 5, 23265]
[0, 0, 1, 18, 7, 24096]
[0, 0, 1, 18, 29, 24143]
[0, 0, 1, 18, 20, 24314]
[0, 0, 1, 18, 23, 29784]
[0, 0, 1, 18, 24, 33087]
[0, 0, 1, 18, 30, 33142]
[0, 0, 1, 18, 31, 36156]
[0, 0, 1, 18, 10, 36205]
[0, 0, 1, 18, 3, 39453]
[0, 0, 1, 18, 8, 39543]
[0, 0, 1, 18, 14, 39552]
[0, 0, 1, 18, 11, 41719]
[0, 0, 1, 18, 1, 47855]
[0, 0, 1, 18, 18, 48664]
[0, 0, 1, 18, 25, 48790]
[0, 0, 1, 18, 12, 48825]
[0, 0, 1, 18, 27, 48840]
[0, 0, 1, 19, 17, 94]
[0, 0, 1, 19, 28, 1539]
[0, 0, 1, 19, 10, 1612]
[0, 0, 1, 19, 1, 1621]
[0, 0, 1, 19, 6, 7717]
[0, 0, 1, 19, 15, 7811]
[0, 0, 1, 19, 11, 7858]
[0, 0, 1, 19, 18, 9592]
[0, 0, 1, 19, 23, 9688]
[0, 0, 1, 19, 8, 15896]
[0, 0, 1, 19, 29, 15940]
[0, 0, 1, 19, 19, 16114]
[0, 0, 1, 19, 7, 23073]
[0, 0, 1, 19, 13, 23131]
[0, 0, 1, 19, 0, 23233]
[0, 0, 1, 19, 30, 24317]
[0, 0, 1, 19, 2, 29765]
[0, 0, 1, 19, 22, 29802]
[0, 0, 1, 19, 3, 29831]
[0, 0, 1, 19, 26, 29840]
[0, 0, 1, 19, 14, 33120]
[0, 0, 1, 19, 12, 36137]
[0, 0, 1, 19, 31, 36172]
[0, 0, 1, 19, 9, 41492]
[0, 0, 1, 19, 5, 41637]
[0, 0, 1, 19, 20, 41637]
[0, 0, 1, 19, 16, 46627]
[0, 0, 1, 19, 27, 46704]
[0, 0, 1, 19, 24, 46727]
[0, 0, 1, 19, 21, 47857]
[0, 0, 1, 19, 4, 48653]
[0, 0, 1, 19, 25, 48657]
[0, 0, 1, 20, 13, 61]
[0, 0, 1, 20, 0, 95]
[0, 0, 1, 20, 7, 1782]
[0, 0, 1, 20, 20, 1804]
[0, 0, 1, 20, 26, 1877]
[0, 0, 1, 20, 18, 1882]
[0, 0, 1, 20, 16, 1994]
[0, 0, 1, 20, 9, 7691]
[0, 0, 1, 20, 28, 7712]
[0, 0, 1, 20, 12, 7748]
[0, 0, 1, 20, 23, 7768]
[0, 0, 1, 20, 24, 7842]
[0, 0, 1, 20, 19, 9496]
[0, 0, 1, 20, 3, 9559]
[0, 0, 1, 20, 2, 9600]
[0, 0, 1, 20, 17, 15985]
[0, 0, 1, 20, 1, 16039]
[0, 0, 1, 20, 31, 23084]
[0, 0, 1, 20, 22, 23164]
[0, 0, 1, 20, 30, 23175]
[0, 0, 1, 20, 11, 23216]
[0, 0, 1, 20, 10, 29731]
[0, 0, 1, 20, 8, 29887]
[0, 0, 1, 20, 15, 29903]
[0, 0, 1, 20, 5, 36154]
[0, 0, 1, 20, 14, 36167]
[0, 0, 1, 20, 21, 41567]
[0, 0, 1, 20, 4, 41577]
[0, 0, 1, 20, 29, 47641]
[0, 0, 1, 20, 27, 47681]
[0, 0, 1, 20, 25, 48652]
[0, 0, 1, 20, 6, 48661]
[0, 0, 1, 21, 22, 1574]
[0, 0, 1, 21, 31, 1731]
[0, 0, 1, 21, 9, 1862]
[0, 0, 1, 21, 21, 7787]
[0, 0, 1, 21, 19, 7809]
[0, 0, 1, 21, 24, 7831]
[0, 0, 1, 21, 20, 9490]
[0, 0, 1, 21, 25, 9528]
[0, 0, 1, 21, 29, 9584]
[0, 0, 1, 21, 15, 9591]
[0, 0, 1, 21, 18, 9610]
[0, 0, 1, 21, 0, 15922]
[0, 0, 1, 21, 28, 15927]
[0, 0, 1, 21, 1, 15951]
[0, 0, 1, 21, 8, 15981]
[0, 0, 1, 21, 10, 15992]
[0, 0, 1, 21, 14, 23230]
[0, 0, 1, 21, 2, 23252]
[0, 0, 1, 21, 17, 24319]
[0, 0, 1, 21, 4, 33048]
[0, 0, 1, 21, 11, 33050]
[0, 0, 1, 21, 12, 36202]
[0, 0, 1, 21, 27, 39454]
[0, 0, 1, 21, 23, 39637]
[0, 0, 1, 21, 26, 39677]
[0, 0, 1, 21, 13, 47631]
[0, 0, 1, 21, 7, 47669]
[0, 0, 1, 21, 6, 47675]
[0, 0, 1, 21, 30, 47759]
[0, 0, 1, 21, 5, 48714]
[0, 0, 1, 21, 3, 48797]
[0, 0, 1, 21, 16, 48833]
[0, 0, 1, 22, 15, 65]
[0, 0, 1, 22, 24, 92]
[0, 0, 1, 22, 27, 109]
[0, 0, 1, 22, 4, 170]
[0, 0, 1, 22, 26, 201]
[0, 0, 1, 22, 19, 1660]
[0, 0, 1, 22, 13, 1733]
[0, 0, 1, 22, 8, 1869]
[0, 0, 1, 22, 3, 1883]
[0, 0, 1, 22, 6, 1903]
[0, 0, 1, 22, 25, 1961]
[0, 0, 1, 22, 28, 7713]
[0, 0, 1, 22, 30, 9581]
[0, 0, 1, 22, 18, 9591]
[0, 0, 1, 22, 10, 16018]
[0, 0, 1, 22, 7, 24156]
[0, 0, 1, 22, 11, 29738]
[0, 0, 1, 22, 29, 29819]
[0, 0, 1, 22, 0, 29924]
[0, 0, 1, 22, 12, 36164]
[0, 0, 1, 22, 21, 39427]
[0, 0, 1, 22, 17, 41504]
[0, 0, 1, 22, 5, 41661]
[0, 0, 1, 22, 23, 41726]
[0, 0, 1, 22, 20, 46630]
[0, 0, 1, 22, 9, 46722]
[0, 0, 1, 22, 14, 47727]
[0, 0, 1, 22, 1, 47751]
[0, 0, 1, 22, 16, 47770]
[0, 0, 1, 22, 22, 47829]
[0, 0, 1, 22, 2, 48788]
[0, 0, 1, 22, 31, 48859]
[0, 0, 1, 23, 30, 1795]
[0, 0, 1, 23, 23, 1838]
[0, 0, 1, 23, 10, 7845]
[0, 0, 1, 23, 6, 7890]
[0, 0, 1, 23, 17, 9484]
[0, 0, 1, 23, 22, 9600]
[0, 0, 1, 23, 27, 15882]
[0, 0, 1, 23, 25, 15976]
[0, 0, 1, 23, 20, 16008]
[0, 0, 1, 23, 31, 16026]
[0, 0, 1, 23, 15, 23103]
[0, 0, 1, 23, 18, 23162]
[0, 0, 1, 23, 4, 23236]
[0, 0, 1, 23, 1, 24203]
[0, 0, 1, 23, 16, 29707]
[0, 0, 1, 23, 8, 29723]
[0, 0, 1, 23, 9, 33112]
[0, 0, 1, 23, 21, 33158]
[0, 0, 1, 23, 19, 33167]
[0, 0, 1, 23, 2, 39431]
[0, 0, 1, 23, 29, 39482]
[0, 0, 1, 23, 3, 39659]
[0, 0, 1, 23, 7, 41574]
[0, 0, 1, 23, 14, 46604]
[0, 0, 1, 23, 28, 46734]
[0, 0, 1, 23, 24, 46752]
[0, 0, 1, 23, 11, 47683]
[0, 0, 1, 23, 12, 47726]
[0, 0, 1, 23, 13, 47745]
[0, 0, 1, 23, 5, 47844]
[0, 0, 1, 23, 0, 48760]
[0, 0, 1, 23, 26, 48894]
[0, 0, 1, 24, 22, 1708]
[0, 0, 1, 24, 30, 1737]
[0, 0, 1, 24, 21, 1779]
[0, 0, 1, 24, 4, 1795]
[0, 0, 1, 24, 7, 1799]
[0, 0, 1, 24, 11, 7872]
[0, 0, 1, 24, 20, 9633]
[0, 0, 1, 24, 1, 9671]
[0, 0, 1, 24, 13, 15998]
[0, 0, 1, 24, 31, 16070]
[0, 0, 1, 24, 10, 16081]
[0, 0, 1, 24, 2, 23135]
[0, 0, 1, 24, 23, 24149]
[0, 0, 1, 24, 17, 29706]
[0, 0, 1, 24, 28, 29762]
[0, 0, 1, 24, 3, 29860]
[0, 0, 1, 24, 14, 33087]
[0, 0, 1, 24, 18, 33174]
[0, 0, 1, 24, 24, 33221]
[0, 0, 1, 24, 16, 36096]
[0, 0, 1, 24, 5, 36110]
[0, 0, 1, 24, 26, 36197]
[0, 0, 1, 24, 6, 41503]
[0, 0, 1, 24, 9, 41569]
[0, 0, 1, 24, 19, 41723]
[0, 0, 1, 24, 27, 46620]
[0, 0, 1, 24, 0, 46689]
[0, 0, 1, 24, 8, 46803]
[0, 0, 1, 24, 15, 47747]
[0, 0, 1, 24, 25, 47833]
[0, 0, 1, 24, 29, 47870]
[0, 0, 1, 24, 12, 48813]
[0, 0, 1, 25, 17, 32]
[0, 0, 1, 25, 15, 129]
[0, 0, 1, 25, 18, 129]
[0, 0, 1, 25, 2, 1883]
[0, 0, 1, 25, 14, 2029]
[0, 0, 1, 25, 3, 7866]
[0, 0, 1, 25, 25, 9582]
[0, 0, 1, 25, 6, 9598]
[0, 0, 1, 25, 29, 9661]
[0, 0, 1, 25, 7, 15996]
[0, 0, 1, 25, 26, 16034]
[0, 0, 1, 25, 0, 23143]
[0, 0, 1, 25, 13, 23154]
[0, 0, 1, 25, 31, 23204]
[0, 0, 1, 25, 5, 23232]
[0, 0, 1, 25, 1, 23272]
[0, 0, 1, 25, 23, 24234]
[0, 0, 1, 25, 19, 29714]
[0, 0, 1, 25, 20, 36129]
[0, 0, 1, 25, 4, 36174]
[0, 0, 1, 25, 22, 36297]
[0, 0, 1, 25, 30, 39531]
[0, 0, 1, 25, 12, 41476]
[0, 0, 1, 25, 16, 41502]
[0, 0, 1, 25, 9, 41557]
[0, 0, 1, 25, 24, 41649]
[0, 0, 1, 25, 10, 46836]
[0, 0, 1, 25, 27, 47827]
[0, 0, 1, 25, 28, 48701]
[0, 0, 1, 25, 8, 48725]
[0, 0, 1, 25, 21, 48804]
[0, 0, 1, 25, 11, 48891]
[0, 0, 1, 26, 12, 106]
[0, 0, 1, 26, 4, 126]
[0, 0, 1, 26, 6, 146]
[0, 0, 1, 26, 17, 1578]
[0, 0, 1, 26, 11, 1591]
[0, 0, 1, 26, 28, 1633]
[0, 0, 1, 26, 7, 1764]
[0, 0, 1, 26, 0, 1800]
[0, 0, 1, 26, 22, 1828]
[0, 0, 1, 26, 26, 1901]
[0, 0, 1, 26, 14, 1919]
[0, 0, 1, 26, 13, 9605]
[0, 0, 1, 26, 2, 9712]
[0, 0, 1, 26, 23, 9719]
[0, 0, 1, 26, 15, 15916]
[0, 0, 1, 26, 5, 24115]
[0, 0, 1, 26, 30, 24256]
[0, 0, 1, 26, 29, 29815]
[0, 0, 1, 26, 27, 29868]
[0, 0, 1, 26, 10, 29947]
[0, 0, 1, 26, 16, 33164]
[0, 0, 1, 26, 31, 36101]
[0, 0, 1, 26, 21, 36263]
[0, 0, 1, 26, 1, 36338]
[0, 0, 1, 26, 25, 39449]
[0, 0, 1, 26, 24, 46666]
[0, 0, 1, 26, 19, 47632]
[0, 0, 1, 26, 3, 48711]
[0, 0, 1, 26, 8, 48791]
[0, 0, 1, 26, 18, 48794]
[0, 0, 1, 26, 20, 48794]
[0, 0, 1, 26, 9, 48813]
[0, 0, 1, 27, 27, 137]
[0, 0, 1, 27, 25, 1571]
[0, 0, 1, 27, 7, 1690]
[0, 0, 1, 27, 18, 1728]
[0, 0, 1, 27, 26, 1919]
[0, 0, 1, 27, 10, 7806]
[0, 0, 1, 27, 8, 7863]
[0, 0, 1, 27, 24, 7868]
[0, 0, 1, 27, 9, 7929]
[0, 0, 1, 27, 30, 9536]
[0, 0, 1, 27, 0, 9626]
[0, 0, 1, 27, 14, 9669]
[0, 0, 1, 27, 28, 9710]
[0, 0, 1, 27, 6, 15954]
[0, 0, 1, 27, 31, 16007]
[0, 0, 1, 27, 19, 16021]
[0, 0, 1, 27, 21, 23182]
[0, 0, 1, 27, 1, 24271]
[0, 0, 1, 27, 2, 29777]
[0, 0, 1, 27, 17, 29847]
[0, 0, 1, 27, 29, 36191]
[0, 0, 1, 27, 12, 36324]
[0, 0, 1, 27, 23, 39545]
[0, 0, 1, 27, 13, 39656]
[0, 0, 1, 27, 16, 41517]
[0, 0, 1, 27, 15, 46594]
[0, 0, 1, 27, 4, 46666]
[0, 0, 1, 27, 22, 46675]
[0, 0, 1, 27, 20, 46769]
[0, 0, 1, 27, 5, 47756]
[0, 0, 1, 27, 3, 47764]
[0, 0, 1, 27, 11, 48827]
[0, 0, 1, 28, 2, 1835]
[0, 0, 1, 28, 17, 1869]
[0, 0, 1, 28, 30, 1994]
[0, 0, 1, 28, 19, 2002]
[0, 0, 1, 28, 12, 7871]
[0, 0, 1, 28, 5, 9483]
[0, 0, 1, 28, 11, 9594]
[0, 0, 1, 28, 28, 16071]
[0, 0, 1, 28, 31, 16101]
[0, 0, 1, 28, 24, 23082]
[0, 0, 1, 28, 25, 23083]
[0, 0, 1, 28, 10, 24301]
[0, 0, 1, 28, 13, 29782]
[0, 0, 1, 28, 21, 29782]
[0, 0, 1, 28, 22, 29783]
[0, 0, 1, 28, 7, 29902]
[0, 0, 1, 28, 23, 29949]
[0, 0, 1, 28, 16, 33056]
[0, 0, 1, 28, 18, 36120]
[0, 0, 1, 28, 29, 36268]
[0, 0, 1, 28, 8, 36335]
[0, 0, 1, 28, 6, 39434]
[0, 0, 1, 28, 1, 41602]
[0, 0, 1, 28, 20, 41655]
[0, 0, 1, 28, 0, 41717]
[0, 0, 1, 28, 9, 46605]
[0, 0, 1, 28, 15, 46662]
[0, 0, 1, 28, 27, 46674]
[0, 0, 1, 28, 26, 47813]
[0, 0, 1, 28, 3, 48651]
[0, 0, 1, 28, 14, 48853]
[0, 0, 1, 28, 4, 48867]
[0, 0, 1, 29, 11, 1572]
[0, 0, 1, 29, 17, 1610]
[0, 0, 1, 29, 8, 1638]
[0, 0, 1, 29, 15, 7682]
[0, 0, 1, 29, 26, 7832]
[0, 0, 1, 29, 7, 7918]
[0, 0, 1, 29, 25, 9540]
[0, 0, 1, 29, 28, 9651]
[0, 0, 1, 29, 31, 9680]
[0, 0, 1, 29, 10, 15880]
[0, 0, 1, 29, 24, 15944]
[0, 0, 1, 29, 0, 15966]
[0, 0, 1, 29, 4, 16009]
[0, 0, 1, 29, 13, 23108]
[0, 0, 1, 29, 27, 23154]
[0, 0, 1, 29, 29, 24126]
[0, 0, 1, 29, 2, 29810]
[0, 0, 1, 29, 6, 29853]
[0, 0, 1, 29, 12, 29924]
[0, 0, 1, 29, 9, 33180]
[0, 0, 1, 29, 30, 36204]
[0, 0, 1, 29, 20, 39532]
[0, 0, 1, 29, 22, 41594]
[0, 0, 1, 29, 14, 41685]
[0, 0, 1, 29, 3, 46706]
[0, 0, 1, 29, 16, 46802]
[0, 0, 1, 29, 18, 46824]
[0, 0, 1, 29, 23, 47694]
[0, 0, 1, 29, 21, 47710]
[0, 0, 1, 29, 1, 47847]
[0, 0, 1, 29, 5, 48662]
[0, 0, 1, 29, 19, 48681]
[1, 0, 0, 0, 0, 0]
[1, 0, 0, 0, 1, 1]
[1, 0, 0, 0, 2, 2]
[1, 0, 0, 0, 3, 3]
[1, 0, 0, 0, 4, 4]
[1, 0, 0, 0, 5, 5]
[1, 0, 0, 0, 6, 6]
[1, 0, 0, 0, 7, 7]
[1, 0, 0, 0, 8, 8]
[1, 0, 0, 0, 9, 9]
[1, 0, 0, 0, 10, 10]
[1, 0, 0, 0, 11, 11]
[1, 0, 0, 0, 12, 12]
[1, 0, 0, 0, 13, 13]
[1, 0, 0, 0, 14, 14]
[1, 0, 0, 0, 15, 15]
[1, 0, 0, 0, 16, 16]
[1, 0, 0, 0, 17, 17]
[1, 0, 0, 0, 18, 18]
[1, 0, 0, 0, 19, 19]
[1, 0, 0, 0, 20, 20]
[1, 0, 0, 0, 21, 21]
[1, 0, 0, 0, 22, 22]
[1, 0, 0, 0, 23, 23]
[1, 0, 0, 0, 24, 24]
[1, 0, 0, 0, 25, 25]
[1, 0, 0, 0, 26, 26]
[1, 0, 0, 0, 27, 27]
[1, 0, 0, 0, 28, 28]
[1, 0, 0, 0, 29, 29]
[1, 0, 0, 0, 30, 30]
[1, 0, 0, 0, 31, 31]
[1, 0, 0, 1, 0, 49152]
[1, 0, 0, 1, 1, 49153]
[1, 0, 0, 1, 2, 49154]
[1, 0, 0, 1, 3, 49155]
[1, 0, 0, 1, 4, 49156]
[1, 0, 0, 1, 5, 49157]
[1, 0, 0, 1, 6, 49158]
[1, 0, 0, 1, 7, 49159]
[1, 0, 0, 1, 8, 49160]
[1, 0, 0, 1, 9, 49161]
[1, 0, 0, 1, 10, 49162]
[1, 0, 0, 1, 11, 49163]
[1, 0, 0, 1, 12, 49164]
[1, 0, 0, 1, 13, 49165]
[1, 0, 0, 1, 14, 49166]
[1, 0, 0, 1, 15, 49167]
[1, 0, 0, 1, 16, 49168]
[1, 0, 0, 1, 17, 49169]
[1, 0, 0, 1, 18, 49170]
[1, 0, 0, 1, 19, 49171]
[1, 0, 0, 1, 20, 49172]
[1, 0, 0, 1, 21, 49173]
[1, 0, 0, 1, 22, 49174]
[1, 0, 0, 1, 23, 49175]
[1, 0, 0, 1, 24, 49176]
[1, 0, 0, 1, 25, 49177]
[1, 0, 0, 1, 26, 49178]
[1, 0, 0, 1, 27, 49179]
[1, 0, 0, 1, 28, 49180]
[1, 0, 0, 1, 29, 49181]
[1, 0, 0, 1, 30, 49182]
[1, 0, 0, 1, 31, 49183]
[1, 0, 0, 2, 0, 98304]
[1, 0, 0, 2, 1, 98305]
[1, 0, 0, 2, 2, 98306]
[1, 0, 0, 2, 3, 98307]
[1, 0, 0, 2, 4, 98308]
[1, 0, 0, 2, 5, 98309]
[1, 0, 0, 2, 6, 98310]
[1, 0, 0, 2, 7, 98311]
[1, 0, 0, 2, 8, 98312]
[1, 0, 0, 2, 9, 98313]
[1, 0, 0, 2, 10, 98314]
[1, 0, 0, 2, 11, 98315]
[1, 0, 0, 2, 12, 98316]
[1, 0, 0, 2, 13, 98317]
[1, 0, 0, 2, 14, 98318]
[1, 0, 0, 2, 15, 98319]
[1, 0, 0, 2, 16, 98320]
[1, 0, 0, 2, 17, 98321]
[1, 0, 0, 2, 18, 98322]
[1, 0, 0, 2, 19, 98323]
[1, 0, 0, 2, 20, 98324]
[1, 0, 0, 2, 21, 98325]
[1, 0, 0, 2, 22, 98326]
[1, 0, 0, 2, 23, 98327]
[1, 0, 0, 2, 24, 98328]
[1, 0, 0, 2, 25, 98329]
[1, 0, 0, 2, 26, 98330]
[1, 0, 0, 2, 27, 98331]
[1, 0, 0, 2, 28, 98332]
[1, 0, 0, 2, 29, 98333]
[1, 0, 0, 2, 30, 98334]
[1, 0, 0, 2, 31, 98335]
[1, 0, 0, 3, 0, 147456]
[1, 0, 0, 3, 1, 147457]
[1, 0, 0, 3, 2, 147458]
[1, 0, 0, 3, 3, 147459]
[1, 0, 0, 3, 4, 147460]
[1, 0, 0, 3, 5, 147461]
[1, 0, 0, 3, 6, 147462]
[1, 0, 0, 3, 7, 147463]
[1, 0, 0, 3, 8, 147464]
[1, 0, 0, 3, 9, 147465]
[1, 0, 0, 3, 10, 147466]
[1, 0, 0, 3, 11, 147467]
[1, 0, 0, 3, 12, 147468]
[1, 0, 0, 3, 13, 147469]
[1, 0, 0, 3, 14, 147470]
[1, 0, 0, 3, 15, 147471]
[1, 0, 0, 3, 16, 147472]
[1, 0, 0, 3, 17, 147473]
[1, 0, 0, 3, 18, 147474]
[1, 0, 0, 3, 19, 147475]
[1, 0, 0, 3, 20, 147476]
[1, 0, 0, 3, 21, 147477]
[1, 0, 0, 3, 22, 147478]
[1, 0, 0, 3, 23, 147479]
[1, 0, 0, 3, 24, 147480]
[1, 0, 0, 3, 25, 147481]
[1, 0, 0, 3, 26, 147482]
[1, 0, 0, 3, 27, 147483]
[1, 0, 0, 3, 28, 147484]
[1, 0, 0, 3, 29, 147485]
[1, 0, 0, 3, 30, 147486]
[1, 0, 0, 3, 31, 147487]
[1, 0, 0, 4, 0, 196608]
[1, 0, 0, 4, 1, 196609]
[1, 0, 0, 4, 2, 196610]
[1, 0, 0, 4, 3, 196611]
[1, 0, 0, 4, 4, 196612]
[1, 0, 0, 4, 5, 196613]
[1, 0, 0, 4, 6, 196614]
[1, 0, 0, 4, 7, 196615]
[1, 0, 0, 4, 8, 196616]
[1, 0, 0, 4, 9, 196617]
[1, 0, 0, 4, 10, 196618]
[1, 0, 0, 4, 11, 196619]
[1, 0, 0, 4, 12, 196620]
[1, 0, 0, 4, 13, 196621]
[1, 0, 0, 4, 14, 196622]
[1, 0, 0, 4, 15, 196623]
[1, 0, 0, 4, 16, 196624]
[1, 0, 0, 4, 17, 196625]
[1, 0, 0, 4, 18, 196626]
[1, 0, 0, 4, 19, 196627]
[1, 0, 0, 4, 20, 196628]
[1, 0, 0, 4, 21, 196629]
[1, 0, 0, 4, 22, 196630]
[1, 0, 0, 4, 23, 196631]
[1, 0, 0, 4, 24, 196632]
[1, 0, 0, 4, 25, 196633]
[1, 0, 0, 4, 26, 196634]
[1, 0, 0, 4, 27, 196635]
[1, 0, 0, 4, 28, 196636]
[1, 0, 0, 4, 29, 196637]
[1, 0, 0, 4, 30, 196638]
[1, 0, 0, 4, 31, 196639]
[1, 0, 0, 5, 0, 245760]
[1, 0, 0, 5, 1, 245761]
[1, 0, 0, 5, 2, 245762]
[1, 0, 0, 5, 3, 245763]
[1, 0, 0, 5, 4, 245764]
[1, 0, 0, 5, 5, 245765]
[1, 0, 0, 5, 6, 245766]
[1, 0, 0, 5, 7, 245767]
[1, 0, 0, 5, 8, 245768]
[1, 0, 0, 5, 9, 245769]
[1, 0, 0, 5, 10, 245770]
[1, 0, 0, 5, 11, 245771]
[1, 0, 0, 5, 12, 245772]
[1, 0, 0, 5, 13, 245773]
[1, 0, 0, 5, 14, 245774]
[1, 0, 0, 5, 15, 245775]
[1, 0, 0, 5, 16, 245776]
[1, 0, 0, 5, 17, 245777]
[1, 0, 0, 5, 18, 245778]
[1, 0, 0, 5, 19, 245779]
[1, 0, 0, 5, 20, 245780]
[1, 0, 0, 5, 21, 245781]
[1, 0, 0, 5, 22, 245782]
[1, 0, 0, 5, 23, 245783]
[1, 0, 0, 5, 24, 245784]
[1, 0, 0, 5, 25, 245785]
[1, 0, 0, 5, 26, 245786]
[1, 0, 0, 5, 27, 245787]
[1, 0, 0, 5, 28, 245788]
[1, 0, 0, 5, 29, 245789]
[1, 0, 0, 5, 30, 245790]
[1, 0, 0, 5, 31, 245791]
[1, 0, 0, 6, 0, 294912]
[1, 0, 0, 6, 1, 294913]
[1, 0, 0, 6, 2, 294914]
[1, 0, 0, 6, 3, 294915]
[1, 0, 0, 6, 4, 294916]
[1, 0, 0, 6, 5, 294917]
[1, 0, 0, 6, 6, 294918]
[1, 0, 0, 6, 7, 294919]
[1, 0, 0, 6, 8, 294920]
[1, 0, 0, 6, 9, 294921]
[1, 0, 0, 6, 10, 294922]
[1, 0, 0, 6, 11, 294923]
[1, 0, 0, 6, 12, 294924]
[1, 0, 0, 6, 13, 294925]
[1, 0, 0, 6, 14, 294926]
[1, 0, 0, 6, 15, 294927]
[1, 0, 0, 6, 16, 294928]
[1, 0, 0, 6, 17, 294929]
[1, 0, 0, 6, 18, 294930]
[1, 0, 0, 6, 19, 294931]
[1, 0, 0, 6, 20, 294932]
[1, 0, 0, 6, 21, 294933]
[1, 0, 0, 6, 22, 294934]
[1, 0, 0, 6, 23, 294935]
[1, 0, 0, 6, 24, 294936]
[1, 0, 0, 6, 25, 294937]
[1, 0, 0, 6, 26, 294938]
[1, 0, 0, 6, 27, 294939]
[1, 0, 0, 6, 28, 294940]
[1, 0, 0, 6, 29, 294941]
[1, 0, 0, 6, 30, 294942]
[1, 0, 0, 6, 31, 294943]
[1, 0, 0, 7, 0, 344064]
[1, 0, 0, 7, 1, 344065]
[1, 0, 0, 7, 2, 344066]
[1, 0, 0, 7, 3, 344067]
[1, 0, 0, 7, 4, 344068]
[1, 0, 0, 7, 5, 344069]
[1, 0, 0, 7, 6, 344070]
[1, 0, 0, 7, 7, 344071]
[1, 0, 0, 7, 8, 344072]
[1, 0, 0, 7, 9, 344073]
[1, 0, 0, 7, 10, 344074]
[1, 0, 0, 7, 11, 344075]
[1, 0, 0, 7, 12, 344076]
[1, 0, 0, 7, 13, 344077]
[1, 0, 0, 7, 14, 344078]
[1, 0, 0, 7, 15, 344079]
[1, 0, 0, 7, 16, 344080]
[1, 0, 0, 7, 17, 344081]
[1, 0, 0, 7, 18, 344082]
[1, 0, 0, 7, 19, 344083]
[1, 0, 0, 7, 20, 344084]
[1, 0, 0, 7, 21, 344085]
[1, 0, 0, 7, 22, 344086]
[1, 0, 0, 7, 23, 344087]
[1, 0, 0, 7, 24, 344088]
[1, 0, 0, 7, 25, 344089]
[1, 0, 0, 7, 26, 344090]
[1, 0, 0, 7, 27, 344091]
[1, 0, 0, 7, 28, 344092]
[1, 0, 0, 7, 29, 344093]
[1, 0, 0, 7, 30, 344094]
[1, 0, 0, 7, 31, 344095]
[1, 0, 0, 8, 0, 393216]
[1, 0, 0, 8, 1, 393217]
[1, 0, 0, 8, 2, 393218]
[1, 0, 0, 8, 3, 393219]
[1, 0, 0, 8, 4, 393220]
[1, 0, 0, 8, 5, 393221]
[1, 0, 0, 8, 6, 393222]
[1, 0, 0, 8, 7, 393223]
[1, 0, 0, 8, 8, 393224]
[1, 0, 0, 8, 9, 393225]
[1, 0, 0, 8, 10, 393226]
[1, 0, 0, 8, 11, 393227]
[1, 0, 0, 8, 12, 393228]
[1, 0, 0, 8, 13, 393229]
[1, 0, 0, 8, 14, 393230]
[1, 0, 0, 8, 15, 393231]
[1, 0, 0, 8, 16, 393232]
[1, 0, 0, 8, 17, 393233]
[1, 0, 0, 8, 18, 393234]
[1, 0, 0, 8, 19, 393235]
[1, 0, 0, 8, 20, 393236]
[1, 0, 0, 8, 21, 393237]
[1, 0, 0, 8, 22, 393238]
[1, 0, 0, 8, 23, 393239]
[1, 0, 0, 8, 24, 393240]
[1, 0, 0, 8, 25, 393241]
[1, 0, 0, 8, 26, 393242]
[1, 0, 0, 8, 27, 393243]
[1, 0, 0, 8, 28, 393244]
[1, 0, 0, 8, 29, 393245]
[1, 0, 0, 8, 30, 393246]
[1, 0, 0, 8, 31, 393247]
[1, 0, 0, 9, 0, 442368]
[1, 0, 0, 9, 1, 442369]
[1, 0, 0, 9, 2, 442370]
[1, 0, 0, 9, 3, 442371]
[1, 0, 0, 9, 4, 442372]
[1, 0, 0, 9, 5, 442373]
[1, 0, 0, 9, 6, 442374]
[1, 0, 0, 9, 7, 442375]
[1, 0, 0, 9, 8, 442376]
[1, 0, 0, 9, 9, 442377]
[1, 0, 0, 9, 10, 442378]
[1, 0, 0, 9, 11, 442379]
[1, 0, 0, 9, 12, 442380]
[1, 0, 0, 9, 13, 442381]
[1, 0, 0, 9, 14, 442382]
[1, 0, 0, 9, 15, 442383]
[1, 0, 0, 9, 16, 442384]
[1, 0, 0, 9, 17, 442385]
[1, 0, 0, 9, 18, 442386]
[1, 0, 0, 9, 19, 442387]
[1, 0, 0, 9, 20, 442388]
[1, 0, 0, 9, 21, 442389]
[1, 0, 0, 9, 22, 442390]
[1, 0, 0, 9, 23, 442391]
[1, 0, 0, 9, 24, 442392]
[1, 0, 0, 9, 25, 442393]
[1, 0, 0, 9, 26, 442394]
[1, 0, 0, 9, 27, 442395]
[1, 0, 0, 9, 28, 442396]
[1, 0, 0, 9, 29, 442397]
[1, 0, 0, 9, 30, 442398]
[1, 0, 0, 9, 31, 442399]
[1, 0, 0, 10, 0, 491520]
[1, 0, 0, 10, 1, 491521]
[1, 0, 0, 10, 2, 491522]
[1, 0, 0, 10, 3, 491523]
[1, 0, 0, 10, 4, 491524]
[1, 0, 0, 10, 5, 491525]
[1, 0, 0, 10, 6, 491526]
[1, 0, 0, 10, 7, 491527]
[1, 0, 0, 10, 8, 491528]
[1, 0, 0, 10, 9, 491529]
[1, 0, 0, 10, 10, 491530]
[1, 0, 0, 10, 11, 491531]
[1, 0, 0, 10, 12, 491532]
[1, 0, 0, 10, 13, 491533]
[1, 0, 0, 10, 14, 491534]
[1, 0, 0, 10, 15, 491535]
[1, 0, 0, 10, 16, 491536]
[1, 0, 0, 10, 17, 491537]
[1, 0, 0, 10, 18, 491538]
[1, 0, 0, 10, 19, 491539]
[1, 0, 0, 10, 20, 491540]
[1, 0, 0, 10, 21, 491541]
[1, 0, 0, 10, 22, 491542]
[1, 0, 0, 10, 23, 491543]
[1, 0, 0, 10, 24, 491544]
[1, 0, 0, 10, 25, 491545]
[1, 0, 0, 10, 26, 491546]
[1, 0, 0, 10, 27, 491547]
[1, 0, 0, 10, 28, 491548]
[1, 0, 0, 10, 29, 491549]
[1, 0, 0, 10, 30, 491550]
[1, 0, 0, 10, 31, 491551]
[1, 0, 0, 11, 0, 540672]
[1, 0, 0, 11, 1, 540673]
[1, 0, 0, 11, 2, 540674]
[1, 0, 0, 11, 3, 540675]
[1, 0, 0, 11, 4, 540676]
[1, 0, 0, 11, 5, 540677]
[1, 0, 0, 11, 6, 540678]
[1, 0, 0, 11, 7, 540679]
[1, 0, 0, 11, 8, 540680]
[1, 0, 0, 11, 9, 540681]
[1, 0, 0, 11, 10, 540682]
[1, 0, 0, 11, 11, 540683]
[1, 0, 0, 11, 12, 540684]
[1, 0, 0, 11, 13, 540685]
[1, 0, 0, 11, 14, 540686]
[1, 0, 0, 11, 15, 540687]
[1, 0, 0, 11, 16, 540688]
[1, 0, 0, 11, 17, 540689]
[1, 0, 0, 11, 18, 540690]
[1, 0, 0, 11, 19, 540691]
[1, 0, 0, 11, 20, 540692]
[1, 0, 0, 11, 21, 540693]
[1, 0, 0, 11, 22, 540694]
[1, 0, 0, 11, 23, 540695]
[1, 0, 0, 11, 24, 540696]
[1, 0, 0, 11, 25, 540697]
[1, 0, 0, 11, 26, 540698]
[1, 0, 0, 11, 27, 540699]
[1, 0, 0, 11, 28, 540700]
[1, 0, 0, 11, 29, 540701]
[1, 0, 0, 11, 30, 540702]
[1, 0, 0, 11, 31, 540703]
[1, 0, 0, 12, 0, 589824]
[1, 0, 0, 12, 1, 589825]
[1, 0, 0, 12, 2, 589826]
[1, 0, 0, 12, 3, 589827]
[1, 0, 0, 12, 4, 589828]
[1, 0, 0, 12, 5, 589829]
[1, 0, 0, 12, 6, 589830]
[1, 0, 0, 12, 7, 589831]
[1, 0, 0, 12, 8, 589832]
[1, 0, 0, 12, 9, 589833]
[1, 0, 0, 12, 10, 589834]
[1, 0, 0, 12, 11, 589835]
[1, 0, 0, 12, 12, 589836]
[1, 0, 0, 12, 13, 589837]
[1, 0, 0, 12, 14, 589838]
[1, 0, 0, 12, 15, 589839]
[1, 0, 0, 12, 16, 589840]
[1, 0, 0, 12, 17, 589841]
[1, 0, 0, 12, 18, 589842]
[1, 0, 0, 12, 19, 589843]
[1, 0, 0, 12, 20, 589844]
[1, 0, 0, 12, 21, 589845]
[1, 0, 0, 12, 22, 589846]
[1, 0, 0, 12, 23, 589847]
[1, 0, 0, 12, 24, 589848]
[1, 0, 0, 12, 25, 589849]
[1, 0, 0, 12, 26, 589850]
[1, 0, 0, 12, 27, 589851]
[1, 0, 0, 12, 28, 589852]
[1, 0, 0, 12, 29, 589853]
[1, 0, 0, 12, 30, 589854]
[1, 0, 0, 12, 31, 589855]
[1, 0, 0, 13, 0, 638976]
[1, 0, 0, 13, 1, 638977]
[1, 0, 0, 13, 2, 638978]
[1, 0, 0, 13, 3, 638979]
[1, 0, 0, 13, 4, 638980]
[1, 0, 0, 13, 5, 638981]
[1, 0, 0, 13, 6, 638982]
[1, 0, 0, 13, 7, 638983]
[1, 0, 0, 13, 8, 638984]
[1, 0, 0, 13, 9, 638985]
[1, 0, 0, 13, 10, 638986]
[1, 0, 0, 13, 11, 638987]
[1, 0, 0, 13, 12, 638988]
[1, 0, 0, 13, 13, 638989]
[1, 0, 0, 13, 14, 638990]
[1, 0, 0, 13, 15, 638991]
[1, 0, 0, 13, 16, 638992]
[1, 0, 0, 13, 17, 638993]
[1, 0, 0, 13, 18, 638994]
[1, 0, 0, 13, 19, 638995]
[1, 0, 0, 13, 20, 638996]
[1, 0, 0, 13, 21, 638997]
[1, 0, 0, 13, 22, 638998]
[1, 0, 0, 13, 23, 638999]
[1, 0, 0, 13, 24, 639000]
[1, 0, 0, 13, 25, 639001]
[1, 0, 0, 13, 26, 639002]
[1, 0, 0, 13, 27, 639003]
[1, 0, 0, 13, 28, 639004]
[1, 0, 0, 13, 29, 639005]
[1, 0, 0, 13, 30, 639006]
[1, 0, 0, 13, 31, 639007]
[1, 0, 0, 14, 0, 688128]
[1, 0, 0, 14, 1, 688129]
[1, 0, 0, 14, 2, 688130]
[1, 0, 0, 14, 3, 688131]
[1, 0, 0, 14, 4, 688132]
[1, 0, 0, 14, 5, 688133]
[1, 0, 0, 14, 6, 688134]
[1, 0, 0, 14, 7, 688135]
[1, 0, 0, 14, 8, 688136]
[1, 0, 0, 14, 9, 688137]
[1, 0, 0, 14, 10, 688138]
[1, 0, 0, 14, 11, 688139]
[1, 0, 0, 14, 12, 688140]
[1, 0, 0, 14, 13, 688141]
[1, 0, 0, 14, 14, 688142]
[1, 0, 0, 14, 15, 688143]
[1, 0, 0, 14, 16, 688144]
[1, 0, 0, 14, 17, 688145]
[1, 0, 0, 14, 18, 688146]
[1, 0, 0, 14, 19, 688147]
[1, 0, 0, 14, 20, 688148]
[1, 0, 0, 14, 21, 688149]
[1, 0, 0, 14, 22, 688150]
[1, 0, 0, 14, 23, 688151]
[1, 0, 0, 14, 24, 688152]
[1, 0, 0, 14, 25, 688153]
[1, 0, 0, 14, 26, 688154]
[1, 0, 0, 14, 27, 688155]
[1, 0, 0, 14, 28, 688156]
[1, 0, 0, 14, 29, 688157]
[1, 0, 0, 14, 30, 688158]
[1, 0, 0, 14, 31, 688159]
[1, 0, 0, 15, 0, 737280]
[1, 0, 0, 15, 1, 737281]
[1, 0, 0, 15, 2, 737282]
[1, 0, 0, 15, 3, 737283]
[1, 0, 0, 15, 4, 737284]
[1, 0, 0, 15, 5, 737285]
[1, 0, 0, 15, 6, 737286]
[1, 0, 0, 15, 7, 737287]
[1, 0, 0, 15, 8, 737288]
[1, 0, 0, 15, 9, 737289]
[1, 0, 0, 15, 10, 737290]
[1, 0, 0, 15, 11, 737291]
[1, 0, 0, 15, 12, 737292]
[1, 0, 0, 15, 13, 737293]
[1, 0, 0, 15, 14, 737294]
[1, 0, 0, 15, 15, 737295]
[1, 0, 0, 15, 16, 737296]
[1, 0, 0, 15, 17, 737297]
[1, 0, 0, 15, 18, 737298]
[1, 0, 0, 15, 19, 737299]
[1, 0, 0, 15, 20, 737300]
[1, 0, 0, 15, 21, 737301]
[1, 0, 0, 15, 22, 737302]
[1, 0, 0, 15, 23, 737303]
[1, 0, 0, 15, 24, 737304]
[1, 0, 0, 15, 25, 737305]
[1, 0, 0, 15, 26, 737306]
[1, 0, 0, 15, 27, 737307]
[1, 0, 0, 15, 28, 737308]
[1, 0, 0, 15, 29, 737309]
[1, 0, 0, 15, 30, 737310]
[1, 0, 0, 15, 31, 737311]
[1, 0, 0, 16, 0, 786432]
[1, 0, 0, 16, 1, 786433]
[1, 0, 0, 16, 2, 786434]
[1, 0, 0, 16, 3, 786435]
[1, 0, 0, 16, 4, 786436]
[1, 0, 0, 16, 5, 786437]
[1, 0, 0, 16, 6, 786438]
[1, 0, 0, 16, 7, 786439]
[1, 0, 0, 16, 8, 786440]
[1, 0, 0, 16, 9, 786441]
[1, 0, 0, 16, 10, 786442]
[1, 0, 0, 16, 11, 786443]
[1, 0, 0, 16, 12, 786444]
[1, 0, 0, 16, 13, 786445]
[1, 0, 0, 16, 14, 786446]
[1, 0, 0, 16, 15, 786447]
[1, 0, 0, 16, 16, 786448]
[1, 0, 0, 16, 17, 786449]
[1, 0, 0, 16, 18, 786450]
[1, 0, 0, 16, 19, 786451]
[1, 0, 0, 16, 20, 786452]
[1, 0, 0, 16, 21, 786453]
[1, 0, 0, 16, 22, 786454]
[1, 0, 0, 16, 23, 786455]
[1, 0, 0, 16, 24, 786456]
[1, 0, 0, 16, 25, 786457]
[1, 0, 0, 16, 26, 786458]
[1, 0, 0, 16, 27, 786459]
[1, 0, 0, 16, 28, 786460]
[1, 0, 0, 16, 29, 786461]
[1, 0, 0, 16, 30, 786462]
[1, 0, 0, 16, 31, 786463]
[1, 0, 0, 17, 0, 835584]
[1, 0, 0, 17, 1, 835585]
[1, 0, 0, 17, 2, 835586]
[1, 0, 0, 17, 3, 835587]
[1, 0, 0, 17, 4, 835588]
[1, 0, 0, 17, 5, 835589]
[1, 0, 0, 17, 6, 835590]
[1, 0, 0, 17, 7, 835591]
[1, 0, 0, 17, 8, 835592]
[1, 0, 0, 17, 9, 835593]
[1, 0, 0, 17, 10, 835594]
[1, 0, 0, 17, 11, 835595]
[1, 0, 0, 17, 12, 835596]
[1, 0, 0, 17, 13, 835597]
[1, 0, 0, 17, 14, 835598]
[1, 0, 0, 17, 15, 835599]
[1, 0, 0, 17, 16, 835600]
[1, 0, 0, 17, 17, 835601]
[1, 0, 0, 17, 18, 835602]
[1, 0, 0, 17, 19, 835603]
[1, 0, 0, 17, 20, 835604]
[1, 0, 0, 17, 21, 835605]
[1, 0, 0, 17, 22, 835606]
[1, 0, 0, 17, 23, 835607]
[1, 0, 0, 17, 24, 835608]
[1, 0, 0, 17, 25, 835609]
[1, 0, 0, 17, 26, 835610]
[1, 0, 0, 17, 27, 835611]
[1, 0, 0, 17, 28, 835612]
[1, 0, 0, 17, 29, 835613]
[1, 0, 0, 17, 30, 835614]
[1, 0, 0, 17, 31, 835615]
[1, 0, 0, 18, 0, 884736]
[1, 0, 0, 18, 1, 884737]
[1, 0, 0, 18, 2, 884738]
[1, 0, 0, 18, 3, 884739]
[1, 0, 0, 18, 4, 884740]
[1, 0, 0, 18, 5, 884741]
[1, 0, 0, 18, 6, 884742]
[1, 0, 0, 18, 7, 884743]
[1, 0, 0, 18, 8, 884744]
[1, 0, 0, 18, 9, 884745]
[1, 0, 0, 18, 10, 884746]
[1, 0, 0, 18, 11, 884747]
[1, 0, 0, 18, 12, 884748]
[1, 0, 0, 18, 13, 884749]
[1, 0, 0, 18, 14, 884750]
[1, 0, 0, 18, 15, 884751]
[1, 0, 0, 18, 16, 884752]
[1, 0, 0, 18, 17, 884753]
[1, 0, 0, 18, 18, 884754]
[1, 0, 0, 18, 19, 884755]
[1, 0, 0, 18, 20, 884756]
[1, 0, 0, 18, 21, 884757]
[1, 0, 0, 18, 22, 884758]
[1, 0, 0, 18, 23, 884759]
[1, 0, 0, 18, 24, 884760]
[1, 0, 0, 18, 25, 884761]
[1, 0, 0, 18, 26, 884762]
[1, 0, 0, 18, 27, 884763]
[1, 0, 0, 18, 28, 884764]
[1, 0, 0, 18, 29, 884765]
[1, 0, 0, 18, 30, 884766]
[1, 0, 0, 18, 31, 884767]
[1, 0, 0, 19, 0, 933888]
[1, 0, 0, 19, 1, 933889]
[1, 0, 0, 19, 2, 933890]
[1, 0, 0, 19, 3, 933891]
[1, 0, 0, 19, 4, 933892]
[1, 0, 0, 19, 5, 933893]
[1, 0, 0, 19, 6, 933894]
[1, 0, 0, 19, 7, 933895]
[1, 0, 0, 19, 8, 933896]
[1, 0, 0, 19, 9, 933897]
[1, 0, 0, 19, 10, 933898]
[1, 0, 0, 19, 11, 933899]
[1, 0, 0, 19, 12, 933900]
[1, 0, 0, 19, 13, 933901]
[1, 0, 0, 19, 14, 933902]
[1, 0, 0, 19, 15, 933903]
[1, 0, 0, 19, 16, 933904]
[1, 0, 0, 19, 17, 933905]
[1, 0, 0, 19, 18, 933906]
[1, 0, 0, 19, 19, 933907]
[1, 0, 0, 19, 20, 933908]
[1, 0, 0, 19, 21, 933909]
[1, 0, 0, 19, 22, 933910]
[1, 0, 0, 19, 23, 933911]
[1, 0, 0, 19, 24, 933912]
[1, 0, 0, 19, 25, 933913]
[1, 0, 0, 19, 26, 933914]
[1, 0, 0, 19, 27, 933915]
[1, 0, 0, 19, 28, 933916]
[1, 0, 0, 19, 29, 933917]
[1, 0, 0, 19, 30, 933918]
[1, 0, 0, 19, 31, 933919]
[1, 0, 0, 20, 0, 983040]
[1, 0, 0, 20, 1, 983041]
[1, 0, 0, 20, 2, 983042]
[1, 0, 0, 20, 3, 983043]
[1, 0, 0, 20, 4, 983044]
[1, 0, 0, 20, 5, 983045]
[1, 0, 0, 20, 6, 983046]
[1, 0, 0, 20, 7, 983047]
[1, 0, 0, 20, 8, 983048]
[1, 0, 0, 20, 9, 983049]
[1, 0, 0, 20, 10, 983050]
[1, 0, 0, 20, 11, 983051]
[1, 0, 0, 20, 12, 983052]
[1, 0, 0, 20, 13, 983053]
[1, 0, 0, 20, 14, 983054]
[1, 0, 0, 20, 15, 983055]
[1, 0, 0, 20, 16, 983056]
[1, 0, 0, 20, 17, 983057]
[1, 0, 0, 20, 18, 983058]
[1, 0, 0, 20, 19, 983059]
[1, 0, 0, 20, 20, 983060]
[1, 0, 0, 20, 21, 983061]
[1, 0, 0, 20, 22, 983062]
[1, 0, 0, 20, 23, 983063]
[1, 0, 0, 20, 24, 983064]
[1, 0, 0, 20, 25, 983065]
[1, 0, 0, 20, 26, 983066]
[1, 0, 0, 20, 27, 983067]
[1, 0, 0, 20, 28, 983068]
[1, 0, 0, 20, 29, 983069]
[1, 0, 0, 20, 30, 983070]
[1, 0, 0, 20, 31, 983071]
[1, 0, 0, 21, 0, 1032192]
[1, 0, 0, 21, 1, 1032193]
[1, 0, 0, 21, 2, 1032194]
[1, 0, 0, 21, 3, 1032195]
[1, 0, 0, 21, 4, 1032196]
[1, 0, 0, 21, 5, 1032197]
[1, 0, 0, 21, 6, 1032198]
[1, 0, 0, 21, 7, 1032199]
[1, 0, 0, 21, 8, 1032200]
[1, 0, 0, 21, 9, 1032201]
[1, 0, 0, 21, 10, 1032202]
[1, 0, 0, 21, 11, 1032203]
[1, 0, 0, 21, 12, 1032204]
[1, 0, 0, 21, 13, 1032205]
[1, 0, 0, 21, 14, 1032206]
[1, 0, 0, 21, 15, 1032207]
[1, 0, 0, 21, 16, 1032208]
[1, 0, 0, 21, 17, 1032209]
[1, 0, 0, 21, 18, 1032210]
[1, 0, 0, 21, 19, 1032211]
[1, 0, 0, 21, 20, 1032212]
[1, 0, 0, 21, 21, 1032213]
[1, 0, 0, 21, 22, 1032214]
[1, 0, 0, 21, 23, 1032215]
[1, 0, 0, 21, 24, 1032216]
[1, 0, 0, 21, 25, 1032217]
[1, 0, 0, 21, 26, 1032218]
[1, 0, 0, 21, 27, 1032219]
[1, 0, 0, 21, 28, 1032220]
[1, 0, 0, 21, 29, 1032221]
[1, 0, 0, 21, 30, 1032222]
[1, 0, 0, 21, 31, 1032223]
[1, 0, 0, 22, 0, 1081344]
[1, 0, 0, 22, 1, 1081345]
[1, 0, 0, 22, 2, 1081346]
[1, 0, 0, 22, 3, 1081347]
[1, 0, 0, 22, 4, 1081348]
[1, 0, 0, 22, 5, 1081349]
[1, 0, 0, 22, 6, 1081350]
[1, 0, 0, 22, 7, 1081351]
[1, 0, 0, 22, 8, 1081352]
[1, 0, 0, 22, 9, 1081353]
[1, 0, 0, 22, 10, 1081354]
[1, 0, 0, 22, 11, 1081355]
[1, 0, 0, 22, 12, 1081356]
[1, 0, 0, 22, 13, 1081357]
[1, 0, 0, 22, 14, 1081358]
[1, 0, 0, 22, 15, 1081359]
[1, 0, 0, 22, 16, 1081360]
[1, 0, 0, 22, 17, 1081361]
[1, 0, 0, 22, 18, 1081362]
[1, 0, 0, 22, 19, 1081363]
[1, 0, 0, 22, 20, 1081364]
[1, 0, 0, 22, 21, 1081365]
[1, 0, 0, 22, 22, 1081366]
[1, 0, 0, 22, 23, 1081367]
[1, 0, 0, 22, 24, 1081368]
[1, 0, 0, 22, 25, 1081369]
[1, 0, 0, 22, 26, 1081370]
[1, 0, 0, 22, 27, 1081371]
[1, 0, 0, 22, 28, 1081372]
[1, 0, 0, 22, 29, 1081373]
[1, 0, 0, 22, 30, 1081374]
[1, 0, 0, 22, 31, 1081375]
[1, 0, 0, 23, 0, 1130496]
[1, 0, 0, 23, 1, 1130497]
[1, 0, 0, 23, 2, 1130498]
[1, 0, 0, 23, 3, 1130499]
[1, 0, 0, 23, 4, 1130500]
[1, 0, 0, 23, 5, 1130501]
[1, 0, 0, 23, 6, 1130502]
[1, 0, 0, 23, 7, 1130503]
[1, 0, 0, 23, 8, 1130504]
[1, 0, 0, 23, 9, 1130505]
[1, 0, 0, 23, 10, 1130506]
[1, 0, 0, 23, 11, 1130507]
[1, 0, 0, 23, 12, 1130508]
[1, 0, 0, 23, 13, 1130509]
[1, 0, 0, 23, 14, 1130510]
[1, 0, 0, 23, 15, 1130511]
[1, 0, 0, 23, 16, 1130512]
[1, 0, 0, 23, 17, 1130513]
[1, 0, 0, 23, 18, 1130514]
[1, 0, 0, 23, 19, 1130515]
[1, 0, 0, 23, 20, 1130516]
[1, 0, 0, 23, 21, 1130517]
[1, 0, 0, 23, 22, 1130518]
[1, 0, 0, 23, 23, 1130519]
[1, 0, 0, 23, 24, 1130520]
[1, 0, 0, 23, 25, 1130521]
[1, 0, 0, 23, 26, 1130522]
[1, 0, 0, 23, 27, 1130523]
[1, 0, 0, 23, 28, 1130524]
[1, 0, 0, 23, 29, 1130525]
[1, 0, 0, 23, 30, 1130526]
[1, 0, 0, 23, 31, 1130527]
[1, 0, 0, 24, 0, 1179648]
[1, 0, 0, 24, 1, 1179649]
[1, 0, 0, 24, 2, 1179650]
[1, 0, 0, 24, 3, 1179651]
[1, 0, 0, 24, 4, 1179652]
[1, 0, 0, 24, 5, 1179653]
[1, 0, 0, 24, 6, 1179654]
[1, 0, 0, 24, 7, 1179655]
[1, 0, 0, 24, 8, 1179656]
[1, 0, 0, 24, 9, 1179657]
[1, 0, 0, 24, 10, 1179658]
[1, 0, 0, 24, 11, 1179659]
[1, 0, 0, 24, 12, 1179660]
[1, 0, 0, 24, 13, 1179661]
[1, 0, 0, 24, 14, 1179662]
[1, 0, 0, 24, 15, 1179663]
[1, 0, 0, 24, 16, 1179664]
[1, 0, 0, 24, 17, 1179665]
[1, 0, 0, 24, 18, 1179666]
[1, 0, 0, 24, 19, 1179667]
[1, 0, 0, 24, 20, 1179668]
[1, 0, 0, 24, 21, 1179669]
[1, 0, 0, 24, 22, 1179670]
[1, 0, 0, 24, 23, 1179671]
[1, 0, 0, 24, 24, 1179672]
[1, 0, 0, 24, 25, 1179673]
[1, 0, 0, 24, 26, 1179674]
[1, 0, 0, 24, 27, 1179675]
[1, 0, 0, 24, 28, 1179676]
[1, 0, 0, 24, 29, 1179677]
[1, 0, 0, 24, 30, 1179678]
[1, 0, 0, 24, 31, 1179679]
[1, 0, 0, 25, 0, 1228800]
[1, 0, 0, 25, 1, 1228801]
[1, 0, 0, 25, 2, 1228802]
[1, 0, 0, 25, 3, 1228803]
[1, 0, 0, 25, 4, 1228804]
[1, 0, 0, 25, 5, 1228805]
[1, 0, 0, 25, 6, 1228806]
[1, 0, 0, 25, 7, 1228807]
[1, 0, 0, 25, 8, 1228808]
[1, 0, 0, 25, 9, 1228809]
[1, 0, 0, 25, 10, 1228810]
[1, 0, 0, 25, 11, 1228811]
[1, 0, 0, 25, 12, 1228812]
[1, 0, 0, 25, 13, 1228813]
[1, 0, 0, 25, 14, 1228814]
[1, 0, 0, 25, 15, 1228815]
[1, 0, 0, 25, 16, 1228816]
[1, 0, 0, 25, 17, 1228817]
[1, 0, 0, 25, 18, 1228818]
[1, 0, 0, 25, 19, 1228819]
[1, 0, 0, 25, 20, 1228820]
[1, 0, 0, 25, 21, 1228821]
[1, 0, 0, 25, 22, 1228822]
[1, 0, 0, 25, 23, 1228823]
[1, 0, 0, 25, 24, 1228824]
[1, 0, 0, 25, 25, 1228825]
[1, 0, 0, 25, 26, 1228826]
[1, 0, 0, 25, 27, 1228827]
[1, 0, 0, 25, 28, 1228828]
[1, 0, 0, 25, 29, 1228829]
[1, 0, 0, 25, 30, 1228830]
[1, 0, 0, 25, 31, 1228831]
[1, 0, 0, 26, 0, 1277952]
[1, 0, 0, 26, 1, 1277953]
[1, 0, 0, 26, 2, 1277954]
[1, 0, 0, 26, 3, 1277955]
[1, 0, 0, 26, 4, 1277956]
[1, 0, 0, 26, 5, 1277957]
[1, 0, 0, 26, 6, 1277958]
[1, 0, 0, 26, 7, 1277959]
[1, 0, 0, 26, 8, 1277960]
[1, 0, 0, 26, 9, 1277961]
[1, 0, 0, 26, 10, 1277962]
[1, 0, 0, 26, 11, 1277963]
[1, 0, 0, 26, 12, 1277964]
[1, 0, 0, 26, 13, 1277965]
[1, 0, 0, 26, 14, 1277966]
[1, 0, 0, 26, 15, 1277967]
[1, 0, 0, 26, 16, 1277968]
[1, 0, 0, 26, 17, 1277969]
[1, 0, 0, 26, 18, 1277970]
[1, 0, 0, 26, 19, 1277971]
[1, 0, 0, 26, 20, 1277972]
[1, 0, 0, 26, 21, 1277973]
[1, 0, 0, 26, 22, 1277974]
[1, 0, 0, 26, 23, 1277975]
[1, 0, 0, 26, 24, 1277976]
[1, 0, 0, 26, 25, 1277977]
[1, 0, 0, 26, 26, 1277978]
[1, 0, 0, 26, 27, 1277979]
[1, 0, 0, 26, 28, 1277980]
[1, 0, 0, 26, 29, 1277981]
[1, 0, 0, 26, 30, 1277982]
[1, 0, 0, 26, 31, 1277983]
[1, 0, 0, 27, 0, 1327104]
[1, 0, 0, 27, 1, 1327105]
[1, 0, 0, 27, 2, 1327106]
[1, 0, 0, 27, 3, 1327107]
[1, 0, 0, 27, 4, 1327108]
[1, 0, 0, 27, 5, 1327109]
[1, 0, 0, 27, 6, 1327110]
[1, 0, 0, 27, 7, 1327111]
[1, 0, 0, 27, 8, 1327112]
[1, 0, 0, 27, 9, 1327113]
[1, 0, 0, 27, 10, 1327114]
[1, 0, 0, 27, 11, 1327115]
[1, 0, 0, 27, 12, 1327116]
[1, 0, 0, 27, 13, 1327117]
[1, 0, 0, 27, 14, 1327118]
[1, 0, 0, 27, 15, 1327119]
[1, 0, 0, 27, 16, 1327120]
[1, 0, 0, 27, 17, 1327121]
[1, 0, 0, 27, 18, 1327122]
[1, 0, 0, 27, 19, 1327123]
[1, 0, 0, 27, 20, 1327124]
[1, 0, 0, 27, 21, 1327125]
[1, 0, 0, 27, 22, 1327126]
[1, 0, 0, 27, 23, 1327127]
[1, 0, 0, 27, 24, 1327128]
[1, 0, 0, 27, 25, 1327129]
[1, 0, 0, 27, 26, 1327130]
[1, 0, 0, 27, 27, 1327131]
[1, 0, 0, 27, 28, 1327132]
[1, 0, 0, 27, 29, 1327133]
[1, 0, 0, 27, 30, 1327134]
[1, 0, 0, 27, 31, 1327135]
[1, 0, 0, 28, 0, 1376256]
[1, 0, 0, 28, 1, 1376257]
[1, 0, 0, 28, 2, 1376258]
[1, 0, 0, 28, 3, 1376259]
[1, 0, 0, 28, 4, 1376260]
[1, 0, 0, 28, 5, 1376261]
[1, 0, 0, 28, 6, 1376262]
[1, 0, 0, 28, 7, 1376263]
[1, 0, 0, 28, 8, 1376264]
[1, 0, 0, 28, 9, 1376265]
[1, 0, 0, 28, 10, 1376266]
[1, 0, 0, 28, 11, 1376267]
[1, 0, 0, 28, 12, 1376268]
[1, 0, 0, 28, 13, 1376269]
[1, 0, 0, 28, 14, 1376270]
[1, 0, 0, 28, 15, 1376271]
[1, 0, 0, 28, 16, 1376272]
[1, 0, 0, 28, 17, 1376273]
[1, 0, 0, 28, 18, 1376274]
[1, 0, 0, 28, 19, 1376275]
[1, 0, 0, 28, 20, 1376276]
[1, 0, 0, 28, 21, 1376277]
[1, 0, 0, 28, 22, 1376278]
[1, 0, 0, 28, 23, 1376279]
[1, 0, 0, 28, 24, 1376280]
[1, 0, 0, 28, 25, 1376281]
[1, 0, 0, 28, 26, 1376282]
[1, 0, 0, 28, 27, 1376283]
[1, 0, 0, 28, 28, 1376284]
[1, 0, 0, 28, 29, 1376285]
[1, 0, 0, 28, 30, 1376286]
[1, 0, 0, 28, 31, 1376287]
[1, 0, 0, 29, 0, 1425408]
[1, 0, 0, 29, 1, 1425409]
[1, 0, 0, 29, 2, 1425410]
[1, 0, 0, 29, 3, 1425411]
[1, 0, 0, 29, 4, 1425412]
[1, 0, 0, 29, 5, 1425413]
[1, 0, 0, 29, 6, 1425414]
[1, 0, 0, 29, 7, 1425415]
[1, 0, 0, 29, 8, 1425416]
[1, 0, 0, 29, 9, 1425417]
[1, 0, 0, 29, 10, 1425418]
[1, 0, 0, 29, 11, 1425419]
[1, 0, 0, 29, 12, 1425420]
[1, 0, 0, 29, 13, 1425421]
[1, 0, 0, 29, 14, 1425422]
[1, 0, 0, 29, 15, 1425423]
[1, 0, 0, 29, 16, 1425424]
[1, 0, 0, 29, 17, 1425425]
[1, 0, 0, 29, 18, 1425426]
[1, 0, 0, 29, 19, 1425427]
[1, 0, 0, 29, 20, 1425428]
[1, 0, 0, 29, 21, 1425429]
[1, 0, 0, 29, 22, 1425430]
[1, 0, 0, 29, 23, 1425431]
[1, 0, 0, 29, 24, 1425432]
[1, 0, 0, 29, 25, 1425433]
[1, 0, 0, 29, 26, 1425434]
[1, 0, 0, 29, 27, 1425435]
[1, 0, 0, 29, 28, 1425436]
[1, 0, 0, 29, 29, 1425437]
[1, 0, 0, 29, 30, 1425438]
[1, 0, 0, 29, 31, 1425439]
[2, 1, 0, 0, 0, 0]
[2, 1, 0, 0, 1, 1]
[2, 1, 0, 0, 2, 2]
[2, 1, 0, 0, 3, 3]
[2, 1, 0, 0, 4, 4]
[2, 1, 0, 0, 5, 5]
[2, 1, 0, 0, 6, 6]
[2, 1, 0, 0, 7, 7]
[2, 1, 0, 0, 8, 8]
[2, 1, 0, 0, 9, 9]
[2, 1, 0, 0, 10, 10]
[2, 1, 0, 0, 11, 11]
[2, 1, 0, 0, 12, 12]
[2, 1, 0, 0, 13, 13]
[2, 1, 0, 0, 14, 14]
[2, 1, 0, 0, 15, 15]
[2, 1, 0, 0, 16, 16]
[2, 1, 0, 0, 17, 17]
[2, 1, 0, 0, 18, 18]
[2, 1, 0, 0, 19, 19]
[2, 1, 0, 0, 20, 20]
[2, 1, 0, 0, 21, 21]
[2, 1, 0, 0, 22, 22]
[2, 1, 0, 0, 23, 23]
[2, 1, 0, 0, 24, 24]
[2, 1, 0, 0, 25, 25]
[2, 1, 0, 0, 26, 26]
[2, 1, 0, 0, 27, 27]
[2, 1, 0, 0, 28, 28]
[2, 1, 0, 0, 29, 29]
[2, 1, 0, 0, 30, 30]
[2, 1, 0, 0, 31, 31]
