256,1 ;49408,1 ;98560,1 ;147712,1 ;196864,1 ;246016,1 ;295168,1 ;344320,1 ;393472,1 ;442624,1 ;491776,1 ;540928,1 ;590080,1 ;639232,1 ;688384,1 ;737536,1 ;786688,1 ;835840,1 ;884992,1 ;934144,1 ;983296,1 ;1032448,1 ;1081600,1 ;1130752,1 ;1179904,1 ;1229056,1 ;1278208,1 ;1327360,1 ;1376512,1 ;1425664,1 ;
257,1 ;49409,1 ;98561,1 ;147713,1 ;196865,1 ;246017,1 ;295169,1 ;344321,1 ;393473,1 ;442625,1 ;491777,1 ;540929,1 ;590081,1 ;639233,1 ;688385,1 ;737537,1 ;786689,1 ;835841,1 ;884993,1 ;934145,1 ;983297,1 ;1032449,1 ;1081601,1 ;1130753,1 ;1179905,1 ;1229057,1 ;1278209,1 ;1327361,1 ;1376513,1 ;1425665,1 ;
258,1 ;49410,1 ;98562,1 ;147714,1 ;196866,1 ;246018,1 ;295170,1 ;344322,1 ;393474,1 ;442626,1 ;491778,1 ;540930,1 ;590082,1 ;639234,1 ;688386,1 ;737538,1 ;786690,1 ;835842,1 ;884994,1 ;934146,1 ;983298,1 ;1032450,1 ;1081602,1 ;1130754,1 ;1179906,1 ;1229058,1 ;1278210,1 ;1327362,1 ;1376514,1 ;1425666,1 ;
259,1 ;49411,1 ;98563,1 ;147715,1 ;196867,1 ;246019,1 ;295171,1 ;344323,1 ;393475,1 ;442627,1 ;491779,1 ;540931,1 ;590083,1 ;639235,1 ;688387,1 ;737539,1 ;786691,1 ;835843,1 ;884995,1 ;934147,1 ;983299,1 ;1032451,1 ;1081603,1 ;1130755,1 ;1179907,1 ;1229059,1 ;1278211,1 ;1327363,1 ;1376515,1 ;1425667,1 ;
260,1 ;49412,1 ;98564,1 ;147716,1 ;196868,1 ;246020,1 ;295172,1 ;344324,1 ;393476,1 ;442628,1 ;491780,1 ;540932,1 ;590084,1 ;639236,1 ;688388,1 ;737540,1 ;786692,1 ;835844,1 ;884996,1 ;934148,1 ;983300,1 ;1032452,1 ;1081604,1 ;1130756,1 ;1179908,1 ;1229060,1 ;1278212,1 ;1327364,1 ;1376516,1 ;1425668,1 ;
261,1 ;49413,1 ;98565,1 ;147717,1 ;196869,1 ;246021,1 ;295173,1 ;344325,1 ;393477,1 ;442629,1 ;491781,1 ;540933,1 ;590085,1 ;639237,1 ;688389,1 ;737541,1 ;786693,1 ;835845,1 ;884997,1 ;934149,1 ;983301,1 ;1032453,1 ;1081605,1 ;1130757,1 ;1179909,1 ;1229061,1 ;1278213,1 ;1327365,1 ;1376517,1 ;1425669,1 ;
262,1 ;49414,1 ;98566,1 ;147718,1 ;196870,1 ;246022,1 ;295174,1 ;344326,1 ;393478,1 ;442630,1 ;491782,1 ;540934,1 ;590086,1 ;639238,1 ;688390,1 ;737542,1 ;786694,1 ;835846,1 ;884998,1 ;934150,1 ;983302,1 ;1032454,1 ;1081606,1 ;1130758,1 ;1179910,1 ;1229062,1 ;1278214,1 ;1327366,1 ;1376518,1 ;1425670,1 ;
263,1 ;49415,1 ;98567,1 ;147719,1 ;196871,1 ;246023,1 ;295175,1 ;344327,1 ;393479,1 ;442631,1 ;491783,1 ;540935,1 ;590087,1 ;639239,1 ;688391,1 ;737543,1 ;786695,1 ;835847,1 ;884999,1 ;934151,1 ;983303,1 ;1032455,1 ;1081607,1 ;1130759,1 ;1179911,1 ;1229063,1 ;1278215,1 ;1327367,1 ;1376519,1 ;1425671,1 ;
264,1 ;49416,1 ;98568,1 ;147720,1 ;196872,1 ;246024,1 ;295176,1 ;344328,1 ;393480,1 ;442632,1 ;491784,1 ;540936,1 ;590088,1 ;639240,1 ;688392,1 ;737544,1 ;786696,1 ;835848,1 ;885000,1 ;934152,1 ;983304,1 ;1032456,1 ;1081608,1 ;1130760,1 ;1179912,1 ;1229064,1 ;1278216,1 ;1327368,1 ;1376520,1 ;1425672,1 ;
265,1 ;49417,1 ;98569,1 ;147721,1 ;196873,1 ;246025,1 ;295177,1 ;344329,1 ;393481,1 ;442633,1 ;491785,1 ;540937,1 ;590089,1 ;639241,1 ;688393,1 ;737545,1 ;786697,1 ;835849,1 ;885001,1 ;934153,1 ;983305,1 ;1032457,1 ;1081609,1 ;1130761,1 ;1179913,1 ;1229065,1 ;1278217,1 ;1327369,1 ;1376521,1 ;1425673,1 ;
266,1 ;49418,1 ;98570,1 ;147722,1 ;196874,1 ;246026,1 ;295178,1 ;344330,1 ;393482,1 ;442634,1 ;491786,1 ;540938,1 ;590090,1 ;639242,1 ;688394,1 ;737546,1 ;786698,1 ;835850,1 ;885002,1 ;934154,1 ;983306,1 ;1032458,1 ;1081610,1 ;1130762,1 ;1179914,1 ;1229066,1 ;1278218,1 ;1327370,1 ;1376522,1 ;1425674,1 ;
267,1 ;49419,1 ;98571,1 ;147723,1 ;196875,1 ;246027,1 ;295179,1 ;344331,1 ;393483,1 ;442635,1 ;491787,1 ;540939,1 ;590091,1 ;639243,1 ;688395,1 ;737547,1 ;786699,1 ;835851,1 ;885003,1 ;934155,1 ;983307,1 ;1032459,1 ;1081611,1 ;1130763,1 ;1179915,1 ;1229067,1 ;1278219,1 ;1327371,1 ;1376523,1 ;1425675,1 ;
268,1 ;49420,1 ;98572,1 ;147724,1 ;196876,1 ;246028,1 ;295180,1 ;344332,1 ;393484,1 ;442636,1 ;491788,1 ;540940,1 ;590092,1 ;639244,1 ;688396,1 ;737548,1 ;786700,1 ;835852,1 ;885004,1 ;934156,1 ;983308,1 ;1032460,1 ;1081612,1 ;1130764,1 ;1179916,1 ;1229068,1 ;1278220,1 ;1327372,1 ;1376524,1 ;1425676,1 ;
269,1 ;49421,1 ;98573,1 ;147725,1 ;196877,1 ;246029,1 ;295181,1 ;344333,1 ;393485,1 ;442637,1 ;491789,1 ;540941,1 ;590093,1 ;639245,1 ;688397,1 ;737549,1 ;786701,1 ;835853,1 ;885005,1 ;934157,1 ;983309,1 ;1032461,1 ;1081613,1 ;1130765,1 ;1179917,1 ;1229069,1 ;1278221,1 ;1327373,1 ;1376525,1 ;1425677,1 ;
270,1 ;49422,1 ;98574,1 ;147726,1 ;196878,1 ;246030,1 ;295182,1 ;344334,1 ;393486,1 ;442638,1 ;491790,1 ;540942,1 ;590094,1 ;639246,1 ;688398,1 ;737550,1 ;786702,1 ;835854,1 ;885006,1 ;934158,1 ;983310,1 ;1032462,1 ;1081614,1 ;1130766,1 ;1179918,1 ;1229070,1 ;1278222,1 ;1327374,1 ;1376526,1 ;1425678,1 ;
271,1 ;49423,1 ;98575,1 ;147727,1 ;196879,1 ;246031,1 ;295183,1 ;344335,1 ;393487,1 ;442639,1 ;491791,1 ;540943,1 ;590095,1 ;639247,1 ;688399,1 ;737551,1 ;786703,1 ;835855,1 ;885007,1 ;934159,1 ;983311,1 ;1032463,1 ;1081615,1 ;1130767,1 ;1179919,1 ;1229071,1 ;1278223,1 ;1327375,1 ;1376527,1 ;1425679,1 ;
