1 0 0 0 0 0
1 0 0 0 16 25600
1 0 0 0 32 51200
1 0 0 0 48 76800
1 0 0 0 64 102400
1 0 0 0 80 128000
1 0 0 0 96 153600
1 0 0 0 112 179200
1 0 0 0 128 204800
1 0 0 0 144 230400
1 0 0 0 160 256000
1 0 0 0 176 281600
1 0 0 0 192 307200
1 0 0 0 208 332800
1 0 0 0 224 358400
1 0 0 0 240 384000
1 0 0 0 1 1
1 0 0 0 17 25601
1 0 0 0 33 51201
1 0 0 0 49 76801
1 0 0 0 65 102401
1 0 0 0 81 128001
1 0 0 0 97 153601
1 0 0 0 113 179201
1 0 0 0 129 204801
1 0 0 0 145 230401
1 0 0 0 161 256001
1 0 0 0 177 281601
1 0 0 0 193 307201
1 0 0 0 209 332801
1 0 0 0 225 358401
1 0 0 0 241 384001
1 0 0 0 2 2
1 0 0 0 18 25602
1 0 0 0 34 51202
1 0 0 0 50 76802
1 0 0 0 66 102402
1 0 0 0 82 128002
1 0 0 0 98 153602
1 0 0 0 114 179202
1 0 0 0 130 204802
1 0 0 0 146 230402
1 0 0 0 162 256002
1 0 0 0 178 281602
1 0 0 0 194 307202
1 0 0 0 210 332802
1 0 0 0 226 358402
1 0 0 0 242 384002
1 0 0 0 3 3
1 0 0 0 19 25603
1 0 0 0 35 51203
1 0 0 0 51 76803
1 0 0 0 67 102403
1 0 0 0 83 128003
1 0 0 0 99 153603
1 0 0 0 115 179203
1 0 0 0 131 204803
1 0 0 0 147 230403
1 0 0 0 163 256003
1 0 0 0 179 281603
1 0 0 0 195 307203
1 0 0 0 211 332803
1 0 0 0 227 358403
1 0 0 0 243 384003
1 0 0 0 4 4
1 0 0 0 20 25604
1 0 0 0 36 51204
1 0 0 0 52 76804
1 0 0 0 68 102404
1 0 0 0 84 128004
1 0 0 0 100 153604
1 0 0 0 116 179204
1 0 0 0 132 204804
1 0 0 0 148 230404
1 0 0 0 164 256004
1 0 0 0 180 281604
1 0 0 0 196 307204
1 0 0 0 212 332804
1 0 0 0 228 358404
1 0 0 0 244 384004
1 0 0 0 5 5
1 0 0 0 21 25605
1 0 0 0 37 51205
1 0 0 0 53 76805
1 0 0 0 69 102405
1 0 0 0 85 128005
1 0 0 0 101 153605
1 0 0 0 117 179205
1 0 0 0 133 204805
1 0 0 0 149 230405
1 0 0 0 165 256005
1 0 0 0 181 281605
1 0 0 0 197 307205
1 0 0 0 213 332805
1 0 0 0 229 358405
1 0 0 0 245 384005
1 0 0 0 6 6
1 0 0 0 22 25606
1 0 0 0 38 51206
1 0 0 0 54 76806
1 0 0 0 70 102406
1 0 0 0 86 128006
1 0 0 0 102 153606
1 0 0 0 118 179206
1 0 0 0 134 204806
1 0 0 0 150 230406
1 0 0 0 166 256006
1 0 0 0 182 281606
1 0 0 0 198 307206
1 0 0 0 214 332806
1 0 0 0 230 358406
1 0 0 0 246 384006
1 0 0 0 7 7
1 0 0 0 23 25607
1 0 0 0 39 51207
1 0 0 0 55 76807
1 0 0 0 71 102407
1 0 0 0 87 128007
1 0 0 0 103 153607
1 0 0 0 119 179207
1 0 0 0 135 204807
1 0 0 0 151 230407
1 0 0 0 167 256007
1 0 0 0 183 281607
1 0 0 0 199 307207
1 0 0 0 215 332807
1 0 0 0 231 358407
1 0 0 0 247 384007
1 0 0 0 8 8
1 0 0 0 24 25608
1 0 0 0 40 51208
1 0 0 0 56 76808
1 0 0 0 72 102408
1 0 0 0 88 128008
1 0 0 0 104 153608
1 0 0 0 120 179208
1 0 0 0 136 204808
1 0 0 0 152 230408
1 0 0 0 168 256008
1 0 0 0 184 281608
1 0 0 0 200 307208
1 0 0 0 216 332808
1 0 0 0 232 358408
1 0 0 0 248 384008
1 0 0 0 9 9
1 0 0 0 25 25609
1 0 0 0 41 51209
1 0 0 0 57 76809
1 0 0 0 73 102409
1 0 0 0 89 128009
1 0 0 0 105 153609
1 0 0 0 121 179209
1 0 0 0 137 204809
1 0 0 0 153 230409
1 0 0 0 169 256009
1 0 0 0 185 281609
1 0 0 0 201 307209
1 0 0 0 217 332809
1 0 0 0 233 358409
1 0 0 0 249 384009
1 0 0 0 10 10
1 0 0 0 26 25610
1 0 0 0 42 51210
1 0 0 0 58 76810
1 0 0 0 74 102410
1 0 0 0 90 128010
1 0 0 0 106 153610
1 0 0 0 122 179210
1 0 0 0 138 204810
1 0 0 0 154 230410
1 0 0 0 170 256010
1 0 0 0 186 281610
1 0 0 0 202 307210
1 0 0 0 218 332810
1 0 0 0 234 358410
1 0 0 0 250 384010
1 0 0 0 11 11
1 0 0 0 27 25611
1 0 0 0 43 51211
1 0 0 0 59 76811
1 0 0 0 75 102411
1 0 0 0 91 128011
1 0 0 0 107 153611
1 0 0 0 123 179211
1 0 0 0 139 204811
1 0 0 0 155 230411
1 0 0 0 171 256011
1 0 0 0 187 281611
1 0 0 0 203 307211
1 0 0 0 219 332811
1 0 0 0 235 358411
1 0 0 0 251 384011
1 0 0 0 12 12
1 0 0 0 28 25612
1 0 0 0 44 51212
1 0 0 0 60 76812
1 0 0 0 76 102412
1 0 0 0 92 128012
1 0 0 0 108 153612
1 0 0 0 124 179212
1 0 0 0 140 204812
1 0 0 0 156 230412
1 0 0 0 172 256012
1 0 0 0 188 281612
1 0 0 0 204 307212
1 0 0 0 220 332812
1 0 0 0 236 358412
1 0 0 0 252 384012
1 0 0 0 13 13
1 0 0 0 29 25613
1 0 0 0 45 51213
1 0 0 0 61 76813
1 0 0 0 77 102413
1 0 0 0 93 128013
1 0 0 0 109 153613
1 0 0 0 125 179213
1 0 0 0 141 204813
1 0 0 0 157 230413
1 0 0 0 173 256013
1 0 0 0 189 281613
1 0 0 0 205 307213
1 0 0 0 221 332813
1 0 0 0 237 358413
1 0 0 0 253 384013
1 0 0 0 14 14
1 0 0 0 30 25614
1 0 0 0 46 51214
1 0 0 0 62 76814
1 0 0 0 78 102414
1 0 0 0 94 128014
1 0 0 0 110 153614
1 0 0 0 126 179214
1 0 0 0 142 204814
1 0 0 0 158 230414
1 0 0 0 174 256014
1 0 0 0 190 281614
1 0 0 0 206 307214
1 0 0 0 222 332814
1 0 0 0 238 358414
1 0 0 0 254 384014
1 0 0 0 15 15
1 0 0 0 31 25615
1 0 0 0 47 51215
1 0 0 0 63 76815
1 0 0 0 79 102415
1 0 0 0 95 128015
1 0 0 0 111 153615
1 0 0 0 127 179215
1 0 0 0 143 204815
1 0 0 0 159 230415
1 0 0 0 175 256015
1 0 0 0 191 281615
1 0 0 0 207 307215
1 0 0 0 223 332815
1 0 0 0 239 358415
1 0 0 0 255 384015
