dimension 2 2
sizeof 4 4
block_X 25600 7680
block_Y 7680 25600
array_size 786432000 786432000
0 0 0 0 0 0
0 0 0 0 0 1
0 0 0 0 0 2
0 0 0 0 0 3
0 0 0 0 0 4
0 0 0 0 0 5
0 0 0 0 0 6
0 0 0 0 0 7
0 0 0 0 0 8
0 0 0 0 0 9
0 0 0 0 0 10
0 0 0 0 0 11
0 0 0 0 0 12
0 0 0 0 0 13
0 0 0 0 0 14
0 0 0 0 0 15
0 0 0 0 0 25600
0 0 0 0 0 25601
0 0 0 0 0 25602
0 0 0 0 0 25603
0 0 0 0 0 25604
0 0 0 0 0 25605
0 0 0 0 0 25606
0 0 0 0 0 25607
0 0 0 0 0 25608
0 0 0 0 0 25609
0 0 0 0 0 25610
0 0 0 0 0 25611
0 0 0 0 0 25612
0 0 0 0 0 25613
0 0 0 0 0 25614
0 0 0 0 0 25615
0 0 0 0 0 51200
0 0 0 0 0 51201
0 0 0 0 0 51202
0 0 0 0 0 51203
0 0 0 0 0 51204
0 0 0 0 0 51205
0 0 0 0 0 51206
0 0 0 0 0 51207
0 0 0 0 0 51208
0 0 0 0 0 51209
0 0 0 0 0 51210
0 0 0 0 0 51211
0 0 0 0 0 51212
0 0 0 0 0 51213
0 0 0 0 0 51214
0 0 0 0 0 51215
0 0 0 0 0 76800
0 0 0 0 0 76801
0 0 0 0 0 76802
0 0 0 0 0 76803
0 0 0 0 0 76804
0 0 0 0 0 76805
0 0 0 0 0 76806
0 0 0 0 0 76807
0 0 0 0 0 76808
0 0 0 0 0 76809
0 0 0 0 0 76810
0 0 0 0 0 76811
0 0 0 0 0 76812
0 0 0 0 0 76813
0 0 0 0 0 76814
0 0 0 0 0 76815
0 0 0 0 0 102400
0 0 0 0 0 102401
0 0 0 0 0 102402
0 0 0 0 0 102403
0 0 0 0 0 102404
0 0 0 0 0 102405
0 0 0 0 0 102406
0 0 0 0 0 102407
0 0 0 0 0 102408
0 0 0 0 0 102409
0 0 0 0 0 102410
0 0 0 0 0 102411
0 0 0 0 0 102412
0 0 0 0 0 102413
0 0 0 0 0 102414
0 0 0 0 0 102415
0 0 0 0 0 128000
0 0 0 0 0 128001
0 0 0 0 0 128002
0 0 0 0 0 128003
0 0 0 0 0 128004
0 0 0 0 0 128005
0 0 0 0 0 128006
0 0 0 0 0 128007
0 0 0 0 0 128008
0 0 0 0 0 128009
0 0 0 0 0 128010
0 0 0 0 0 128011
0 0 0 0 0 128012
0 0 0 0 0 128013
0 0 0 0 0 128014
0 0 0 0 0 128015
0 0 0 0 0 153600
0 0 0 0 0 153601
0 0 0 0 0 153602
0 0 0 0 0 153603
0 0 0 0 0 153604
0 0 0 0 0 153605
0 0 0 0 0 153606
0 0 0 0 0 153607
0 0 0 0 0 153608
0 0 0 0 0 153609
0 0 0 0 0 153610
0 0 0 0 0 153611
0 0 0 0 0 153612
0 0 0 0 0 153613
0 0 0 0 0 153614
0 0 0 0 0 153615
0 0 0 0 0 179200
0 0 0 0 0 179201
0 0 0 0 0 179202
0 0 0 0 0 179203
0 0 0 0 0 179204
0 0 0 0 0 179205
0 0 0 0 0 179206
0 0 0 0 0 179207
0 0 0 0 0 179208
0 0 0 0 0 179209
0 0 0 0 0 179210
0 0 0 0 0 179211
0 0 0 0 0 179212
0 0 0 0 0 179213
0 0 0 0 0 179214
0 0 0 0 0 179215
0 0 0 0 0 204800
0 0 0 0 0 204801
0 0 0 0 0 204802
0 0 0 0 0 204803
0 0 0 0 0 204804
0 0 0 0 0 204805
0 0 0 0 0 204806
0 0 0 0 0 204807
0 0 0 0 0 204808
0 0 0 0 0 204809
0 0 0 0 0 204810
0 0 0 0 0 204811
0 0 0 0 0 204812
0 0 0 0 0 204813
0 0 0 0 0 204814
0 0 0 0 0 204815
0 0 0 0 0 230400
0 0 0 0 0 230401
0 0 0 0 0 230402
0 0 0 0 0 230403
0 0 0 0 0 230404
0 0 0 0 0 230405
0 0 0 0 0 230406
0 0 0 0 0 230407
0 0 0 0 0 230408
0 0 0 0 0 230409
0 0 0 0 0 230410
0 0 0 0 0 230411
0 0 0 0 0 230412
0 0 0 0 0 230413
0 0 0 0 0 230414
0 0 0 0 0 230415
0 0 0 0 0 256000
0 0 0 0 0 256001
0 0 0 0 0 256002
0 0 0 0 0 256003
0 0 0 0 0 256004
0 0 0 0 0 256005
0 0 0 0 0 256006
0 0 0 0 0 256007
0 0 0 0 0 256008
0 0 0 0 0 256009
0 0 0 0 0 256010
0 0 0 0 0 256011
0 0 0 0 0 256012
0 0 0 0 0 256013
0 0 0 0 0 256014
0 0 0 0 0 256015
0 0 0 0 0 281600
0 0 0 0 0 281601
0 0 0 0 0 281602
0 0 0 0 0 281603
0 0 0 0 0 281604
0 0 0 0 0 281605
0 0 0 0 0 281606
0 0 0 0 0 281607
0 0 0 0 0 281608
0 0 0 0 0 281609
0 0 0 0 0 281610
0 0 0 0 0 281611
0 0 0 0 0 281612
0 0 0 0 0 281613
0 0 0 0 0 281614
0 0 0 0 0 281615
0 0 0 0 0 307200
0 0 0 0 0 307201
0 0 0 0 0 307202
0 0 0 0 0 307203
0 0 0 0 0 307204
0 0 0 0 0 307205
0 0 0 0 0 307206
0 0 0 0 0 307207
0 0 0 0 0 307208
0 0 0 0 0 307209
0 0 0 0 0 307210
0 0 0 0 0 307211
0 0 0 0 0 307212
0 0 0 0 0 307213
0 0 0 0 0 307214
0 0 0 0 0 307215
0 0 0 0 0 332800
0 0 0 0 0 332801
0 0 0 0 0 332802
0 0 0 0 0 332803
0 0 0 0 0 332804
0 0 0 0 0 332805
0 0 0 0 0 332806
0 0 0 0 0 332807
0 0 0 0 0 332808
0 0 0 0 0 332809
0 0 0 0 0 332810
0 0 0 0 0 332811
0 0 0 0 0 332812
0 0 0 0 0 332813
0 0 0 0 0 332814
0 0 0 0 0 332815
0 0 0 0 0 358400
0 0 0 0 0 358401
0 0 0 0 0 358402
0 0 0 0 0 358403
0 0 0 0 0 358404
0 0 0 0 0 358405
0 0 0 0 0 358406
0 0 0 0 0 358407
0 0 0 0 0 358408
0 0 0 0 0 358409
0 0 0 0 0 358410
0 0 0 0 0 358411
0 0 0 0 0 358412
0 0 0 0 0 358413
0 0 0 0 0 358414
0 0 0 0 0 358415
0 0 0 0 0 384000
0 0 0 0 0 384001
0 0 0 0 0 384002
0 0 0 0 0 384003
0 0 0 0 0 384004
0 0 0 0 0 384005
0 0 0 0 0 384006
0 0 0 0 0 384007
0 0 0 0 0 384008
0 0 0 0 0 384009
0 0 0 0 0 384010
0 0 0 0 0 384011
0 0 0 0 0 384012
0 0 0 0 0 384013
0 0 0 0 0 384014
0 0 0 0 0 384015
1 1 0 0 0 0
1 1 0 0 0 1
1 1 0 0 0 2
1 1 0 0 0 3
1 1 0 0 0 4
1 1 0 0 0 5
1 1 0 0 0 6
1 1 0 0 0 7
1 1 0 0 0 8
1 1 0 0 0 9
1 1 0 0 0 10
1 1 0 0 0 11
1 1 0 0 0 12
1 1 0 0 0 13
1 1 0 0 0 14
1 1 0 0 0 15
1 1 0 0 0 7680
1 1 0 0 0 7681
1 1 0 0 0 7682
1 1 0 0 0 7683
1 1 0 0 0 7684
1 1 0 0 0 7685
1 1 0 0 0 7686
1 1 0 0 0 7687
1 1 0 0 0 7688
1 1 0 0 0 7689
1 1 0 0 0 7690
1 1 0 0 0 7691
1 1 0 0 0 7692
1 1 0 0 0 7693
1 1 0 0 0 7694
1 1 0 0 0 7695
1 1 0 0 0 15360
1 1 0 0 0 15361
1 1 0 0 0 15362
1 1 0 0 0 15363
1 1 0 0 0 15364
1 1 0 0 0 15365
1 1 0 0 0 15366
1 1 0 0 0 15367
1 1 0 0 0 15368
1 1 0 0 0 15369
1 1 0 0 0 15370
1 1 0 0 0 15371
1 1 0 0 0 15372
1 1 0 0 0 15373
1 1 0 0 0 15374
1 1 0 0 0 15375
1 1 0 0 0 23040
1 1 0 0 0 23041
1 1 0 0 0 23042
1 1 0 0 0 23043
1 1 0 0 0 23044
1 1 0 0 0 23045
1 1 0 0 0 23046
1 1 0 0 0 23047
1 1 0 0 0 23048
1 1 0 0 0 23049
1 1 0 0 0 23050
1 1 0 0 0 23051
1 1 0 0 0 23052
1 1 0 0 0 23053
1 1 0 0 0 23054
1 1 0 0 0 23055
1 1 0 0 0 30720
1 1 0 0 0 30721
1 1 0 0 0 30722
1 1 0 0 0 30723
1 1 0 0 0 30724
1 1 0 0 0 30725
1 1 0 0 0 30726
1 1 0 0 0 30727
1 1 0 0 0 30728
1 1 0 0 0 30729
1 1 0 0 0 30730
1 1 0 0 0 30731
1 1 0 0 0 30732
1 1 0 0 0 30733
1 1 0 0 0 30734
1 1 0 0 0 30735
1 1 0 0 0 38400
1 1 0 0 0 38401
1 1 0 0 0 38402
1 1 0 0 0 38403
1 1 0 0 0 38404
1 1 0 0 0 38405
1 1 0 0 0 38406
1 1 0 0 0 38407
1 1 0 0 0 38408
1 1 0 0 0 38409
1 1 0 0 0 38410
1 1 0 0 0 38411
1 1 0 0 0 38412
1 1 0 0 0 38413
1 1 0 0 0 38414
1 1 0 0 0 38415
1 1 0 0 0 46080
1 1 0 0 0 46081
1 1 0 0 0 46082
1 1 0 0 0 46083
1 1 0 0 0 46084
1 1 0 0 0 46085
1 1 0 0 0 46086
1 1 0 0 0 46087
1 1 0 0 0 46088
1 1 0 0 0 46089
1 1 0 0 0 46090
1 1 0 0 0 46091
1 1 0 0 0 46092
1 1 0 0 0 46093
1 1 0 0 0 46094
1 1 0 0 0 46095
1 1 0 0 0 53760
1 1 0 0 0 53761
1 1 0 0 0 53762
1 1 0 0 0 53763
1 1 0 0 0 53764
1 1 0 0 0 53765
1 1 0 0 0 53766
1 1 0 0 0 53767
1 1 0 0 0 53768
1 1 0 0 0 53769
1 1 0 0 0 53770
1 1 0 0 0 53771
1 1 0 0 0 53772
1 1 0 0 0 53773
1 1 0 0 0 53774
1 1 0 0 0 53775
1 1 0 0 0 61440
1 1 0 0 0 61441
1 1 0 0 0 61442
1 1 0 0 0 61443
1 1 0 0 0 61444
1 1 0 0 0 61445
1 1 0 0 0 61446
1 1 0 0 0 61447
1 1 0 0 0 61448
1 1 0 0 0 61449
1 1 0 0 0 61450
1 1 0 0 0 61451
1 1 0 0 0 61452
1 1 0 0 0 61453
1 1 0 0 0 61454
1 1 0 0 0 61455
1 1 0 0 0 69120
1 1 0 0 0 69121
1 1 0 0 0 69122
1 1 0 0 0 69123
1 1 0 0 0 69124
1 1 0 0 0 69125
1 1 0 0 0 69126
1 1 0 0 0 69127
1 1 0 0 0 69128
1 1 0 0 0 69129
1 1 0 0 0 69130
1 1 0 0 0 69131
1 1 0 0 0 69132
1 1 0 0 0 69133
1 1 0 0 0 69134
1 1 0 0 0 69135
1 1 0 0 0 76800
1 1 0 0 0 76801
1 1 0 0 0 76802
1 1 0 0 0 76803
1 1 0 0 0 76804
1 1 0 0 0 76805
1 1 0 0 0 76806
1 1 0 0 0 76807
1 1 0 0 0 76808
1 1 0 0 0 76809
1 1 0 0 0 76810
1 1 0 0 0 76811
1 1 0 0 0 76812
1 1 0 0 0 76813
1 1 0 0 0 76814
1 1 0 0 0 76815
1 1 0 0 0 84480
1 1 0 0 0 84481
1 1 0 0 0 84482
1 1 0 0 0 84483
1 1 0 0 0 84484
1 1 0 0 0 84485
1 1 0 0 0 84486
1 1 0 0 0 84487
1 1 0 0 0 84488
1 1 0 0 0 84489
1 1 0 0 0 84490
1 1 0 0 0 84491
1 1 0 0 0 84492
1 1 0 0 0 84493
1 1 0 0 0 84494
1 1 0 0 0 84495
1 1 0 0 0 92160
1 1 0 0 0 92161
1 1 0 0 0 92162
1 1 0 0 0 92163
1 1 0 0 0 92164
1 1 0 0 0 92165
1 1 0 0 0 92166
1 1 0 0 0 92167
1 1 0 0 0 92168
1 1 0 0 0 92169
1 1 0 0 0 92170
1 1 0 0 0 92171
1 1 0 0 0 92172
1 1 0 0 0 92173
1 1 0 0 0 92174
1 1 0 0 0 92175
1 1 0 0 0 99840
1 1 0 0 0 99841
1 1 0 0 0 99842
1 1 0 0 0 99843
1 1 0 0 0 99844
1 1 0 0 0 99845
1 1 0 0 0 99846
1 1 0 0 0 99847
1 1 0 0 0 99848
1 1 0 0 0 99849
1 1 0 0 0 99850
1 1 0 0 0 99851
1 1 0 0 0 99852
1 1 0 0 0 99853
1 1 0 0 0 99854
1 1 0 0 0 99855
1 1 0 0 0 107520
1 1 0 0 0 107521
1 1 0 0 0 107522
1 1 0 0 0 107523
1 1 0 0 0 107524
1 1 0 0 0 107525
1 1 0 0 0 107526
1 1 0 0 0 107527
1 1 0 0 0 107528
1 1 0 0 0 107529
1 1 0 0 0 107530
1 1 0 0 0 107531
1 1 0 0 0 107532
1 1 0 0 0 107533
1 1 0 0 0 107534
1 1 0 0 0 107535
1 1 0 0 0 115200
1 1 0 0 0 115201
1 1 0 0 0 115202
1 1 0 0 0 115203
1 1 0 0 0 115204
1 1 0 0 0 115205
1 1 0 0 0 115206
1 1 0 0 0 115207
1 1 0 0 0 115208
1 1 0 0 0 115209
1 1 0 0 0 115210
1 1 0 0 0 115211
1 1 0 0 0 115212
1 1 0 0 0 115213
1 1 0 0 0 115214
1 1 0 0 0 115215
