dimension 2 2
sizeof 4 4
block_X 25600 7680
block_Y 7680 25600
array_size 786432000 786432000
0 0 0 0 192 307200
0 0 0 0 193 307201
0 0 0 0 194 307202
0 0 0 0 195 307203
0 0 0 0 196 307204
0 0 0 0 197 307205
0 0 0 0 198 307206
0 0 0 0 199 307207
0 0 0 0 200 307208
0 0 0 0 201 307209
0 0 0 0 202 307210
0 0 0 0 203 307211
0 0 0 0 204 307212
0 0 0 0 205 307213
0 0 0 0 206 307214
0 0 0 0 207 307215
0 0 0 0 208 332800
0 0 0 0 209 332801
0 0 0 0 210 332802
0 0 0 0 211 332803
0 0 0 0 212 332804
0 0 0 0 213 332805
0 0 0 0 214 332806
0 0 0 0 215 332807
0 0 0 0 216 332808
0 0 0 0 217 332809
0 0 0 0 218 332810
0 0 0 0 219 332811
0 0 0 0 220 332812
0 0 0 0 221 332813
0 0 0 0 222 332814
0 0 0 0 223 332815
0 0 0 0 64 102400
0 0 0 0 65 102401
0 0 0 0 66 102402
0 0 0 0 67 102403
0 0 0 0 68 102404
0 0 0 0 69 102405
0 0 0 0 70 102406
0 0 0 0 71 102407
0 0 0 0 72 102408
0 0 0 0 73 102409
0 0 0 0 74 102410
0 0 0 0 75 102411
0 0 0 0 76 102412
0 0 0 0 77 102413
0 0 0 0 78 102414
0 0 0 0 79 102415
0 0 0 0 80 128000
0 0 0 0 81 128001
0 0 0 0 82 128002
0 0 0 0 83 128003
0 0 0 0 84 128004
0 0 0 0 85 128005
0 0 0 0 86 128006
0 0 0 0 87 128007
0 0 0 0 88 128008
0 0 0 0 89 128009
0 0 0 0 90 128010
0 0 0 0 91 128011
0 0 0 0 92 128012
0 0 0 0 93 128013
0 0 0 0 94 128014
0 0 0 0 95 128015
0 0 0 0 96 153600
0 0 0 0 97 153601
0 0 0 0 98 153602
0 0 0 0 99 153603
0 0 0 0 100 153604
0 0 0 0 101 153605
0 0 0 0 102 153606
0 0 0 0 103 153607
0 0 0 0 104 153608
0 0 0 0 105 153609
0 0 0 0 106 153610
0 0 0 0 107 153611
0 0 0 0 108 153612
0 0 0 0 109 153613
0 0 0 0 110 153614
0 0 0 0 111 153615
0 0 0 0 112 179200
0 0 0 0 113 179201
0 0 0 0 114 179202
0 0 0 0 115 179203
0 0 0 0 116 179204
0 0 0 0 117 179205
0 0 0 0 118 179206
0 0 0 0 119 179207
0 0 0 0 120 179208
0 0 0 0 121 179209
0 0 0 0 122 179210
0 0 0 0 123 179211
0 0 0 0 124 179212
0 0 0 0 125 179213
0 0 0 0 126 179214
0 0 0 0 127 179215
0 0 0 0 224 358400
0 0 0 0 225 358401
0 0 0 0 226 358402
0 0 0 0 227 358403
0 0 0 0 228 358404
0 0 0 0 229 358405
0 0 0 0 230 358406
0 0 0 0 231 358407
0 0 0 0 232 358408
0 0 0 0 233 358409
0 0 0 0 234 358410
0 0 0 0 235 358411
0 0 0 0 236 358412
0 0 0 0 237 358413
0 0 0 0 238 358414
0 0 0 0 239 358415
0 0 0 0 240 384000
0 0 0 0 241 384001
0 0 0 0 242 384002
0 0 0 0 243 384003
0 0 0 0 244 384004
0 0 0 0 245 384005
0 0 0 0 246 384006
0 0 0 0 247 384007
0 0 0 0 248 384008
0 0 0 0 249 384009
0 0 0 0 250 384010
0 0 0 0 251 384011
0 0 0 0 252 384012
0 0 0 0 253 384013
0 0 0 0 254 384014
0 0 0 0 255 384015
0 0 0 0 128 204800
0 0 0 0 129 204801
0 0 0 0 130 204802
0 0 0 0 131 204803
0 0 0 0 132 204804
0 0 0 0 133 204805
0 0 0 0 134 204806
0 0 0 0 135 204807
0 0 0 0 136 204808
0 0 0 0 137 204809
0 0 0 0 138 204810
0 0 0 0 139 204811
0 0 0 0 140 204812
0 0 0 0 141 204813
0 0 0 0 142 204814
0 0 0 0 143 204815
0 0 0 0 144 230400
0 0 0 0 145 230401
0 0 0 0 146 230402
0 0 0 0 147 230403
0 0 0 0 148 230404
0 0 0 0 149 230405
0 0 0 0 150 230406
0 0 0 0 151 230407
0 0 0 0 152 230408
0 0 0 0 153 230409
0 0 0 0 154 230410
0 0 0 0 155 230411
0 0 0 0 156 230412
0 0 0 0 157 230413
0 0 0 0 158 230414
0 0 0 0 159 230415
0 0 0 0 0 0
0 0 0 0 1 1
0 0 0 0 2 2
0 0 0 0 3 3
0 0 0 0 4 4
0 0 0 0 5 5
0 0 0 0 6 6
0 0 0 0 7 7
0 0 0 0 8 8
0 0 0 0 9 9
0 0 0 0 10 10
0 0 0 0 11 11
0 0 0 0 12 12
0 0 0 0 13 13
0 0 0 0 14 14
0 0 0 0 15 15
0 0 0 0 16 25600
0 0 0 0 17 25601
0 0 0 0 18 25602
0 0 0 0 19 25603
0 0 0 0 20 25604
0 0 0 0 21 25605
0 0 0 0 22 25606
0 0 0 0 23 25607
0 0 0 0 24 25608
0 0 0 0 25 25609
0 0 0 0 26 25610
0 0 0 0 27 25611
0 0 0 0 28 25612
0 0 0 0 29 25613
0 0 0 0 30 25614
0 0 0 0 31 25615
0 0 0 0 160 256000
0 0 0 0 161 256001
0 0 0 0 162 256002
0 0 0 0 163 256003
0 0 0 0 164 256004
0 0 0 0 165 256005
0 0 0 0 166 256006
0 0 0 0 167 256007
0 0 0 0 168 256008
0 0 0 0 169 256009
0 0 0 0 170 256010
0 0 0 0 171 256011
0 0 0 0 172 256012
0 0 0 0 173 256013
0 0 0 0 174 256014
0 0 0 0 175 256015
0 0 0 0 176 281600
0 0 0 0 177 281601
0 0 0 0 178 281602
0 0 0 0 179 281603
0 0 0 0 180 281604
0 0 0 0 181 281605
0 0 0 0 182 281606
0 0 0 0 183 281607
0 0 0 0 184 281608
0 0 0 0 185 281609
0 0 0 0 186 281610
0 0 0 0 187 281611
0 0 0 0 188 281612
0 0 0 0 189 281613
0 0 0 0 190 281614
0 0 0 0 191 281615
0 0 0 0 32 51200
0 0 0 0 33 51201
0 0 0 0 34 51202
0 0 0 0 35 51203
0 0 0 0 36 51204
0 0 0 0 37 51205
0 0 0 0 38 51206
0 0 0 0 39 51207
0 0 0 0 40 51208
0 0 0 0 41 51209
0 0 0 0 42 51210
0 0 0 0 43 51211
0 0 0 0 44 51212
0 0 0 0 45 51213
0 0 0 0 46 51214
0 0 0 0 47 51215
0 0 0 0 48 76800
0 0 0 0 49 76801
0 0 0 0 50 76802
0 0 0 0 51 76803
0 0 0 0 52 76804
0 0 0 0 53 76805
0 0 0 0 54 76806
0 0 0 0 55 76807
0 0 0 0 56 76808
0 0 0 0 57 76809
0 0 0 0 58 76810
0 0 0 0 59 76811
0 0 0 0 60 76812
0 0 0 0 61 76813
0 0 0 0 62 76814
0 0 0 0 63 76815
1 1 0 0 192 12
1 1 0 0 193 7692
1 1 0 0 194 15372
1 1 0 0 195 23052
1 1 0 0 196 30732
1 1 0 0 197 38412
1 1 0 0 198 46092
1 1 0 0 199 53772
1 1 0 0 200 61452
1 1 0 0 201 69132
1 1 0 0 202 76812
1 1 0 0 203 84492
1 1 0 0 204 92172
1 1 0 0 205 99852
1 1 0 0 206 107532
1 1 0 0 207 115212
1 1 0 0 208 13
1 1 0 0 209 7693
1 1 0 0 210 15373
1 1 0 0 211 23053
1 1 0 0 212 30733
1 1 0 0 213 38413
1 1 0 0 214 46093
1 1 0 0 215 53773
1 1 0 0 216 61453
1 1 0 0 217 69133
1 1 0 0 218 76813
1 1 0 0 219 84493
1 1 0 0 220 92173
1 1 0 0 221 99853
1 1 0 0 222 107533
1 1 0 0 223 115213
1 1 0 0 64 4
1 1 0 0 65 7684
1 1 0 0 66 15364
1 1 0 0 67 23044
1 1 0 0 68 30724
1 1 0 0 69 38404
1 1 0 0 70 46084
1 1 0 0 71 53764
1 1 0 0 72 61444
1 1 0 0 73 69124
1 1 0 0 74 76804
1 1 0 0 75 84484
1 1 0 0 76 92164
1 1 0 0 77 99844
1 1 0 0 78 107524
1 1 0 0 79 115204
1 1 0 0 80 5
1 1 0 0 81 7685
1 1 0 0 82 15365
1 1 0 0 83 23045
1 1 0 0 84 30725
1 1 0 0 85 38405
1 1 0 0 86 46085
1 1 0 0 87 53765
1 1 0 0 88 61445
1 1 0 0 89 69125
1 1 0 0 90 76805
1 1 0 0 91 84485
1 1 0 0 92 92165
1 1 0 0 93 99845
1 1 0 0 94 107525
1 1 0 0 95 115205
1 1 0 0 0 0
1 1 0 0 1 7680
1 1 0 0 2 15360
1 1 0 0 3 23040
1 1 0 0 4 30720
1 1 0 0 5 38400
1 1 0 0 6 46080
1 1 0 0 7 53760
1 1 0 0 8 61440
1 1 0 0 9 69120
1 1 0 0 10 76800
1 1 0 0 11 84480
1 1 0 0 12 92160
1 1 0 0 13 99840
1 1 0 0 14 107520
1 1 0 0 15 115200
1 1 0 0 16 1
1 1 0 0 17 7681
1 1 0 0 18 15361
1 1 0 0 19 23041
1 1 0 0 20 30721
1 1 0 0 21 38401
1 1 0 0 22 46081
1 1 0 0 23 53761
1 1 0 0 24 61441
1 1 0 0 25 69121
1 1 0 0 26 76801
1 1 0 0 27 84481
1 1 0 0 28 92161
1 1 0 0 29 99841
1 1 0 0 30 107521
1 1 0 0 31 115201
1 1 0 0 128 8
1 1 0 0 129 7688
1 1 0 0 130 15368
1 1 0 0 131 23048
1 1 0 0 132 30728
1 1 0 0 133 38408
1 1 0 0 134 46088
1 1 0 0 135 53768
1 1 0 0 136 61448
1 1 0 0 137 69128
1 1 0 0 138 76808
1 1 0 0 139 84488
1 1 0 0 140 92168
1 1 0 0 141 99848
1 1 0 0 142 107528
1 1 0 0 143 115208
1 1 0 0 144 9
1 1 0 0 145 7689
1 1 0 0 146 15369
1 1 0 0 147 23049
1 1 0 0 148 30729
1 1 0 0 149 38409
1 1 0 0 150 46089
1 1 0 0 151 53769
1 1 0 0 152 61449
1 1 0 0 153 69129
1 1 0 0 154 76809
1 1 0 0 155 84489
1 1 0 0 156 92169
1 1 0 0 157 99849
1 1 0 0 158 107529
1 1 0 0 159 115209
1 1 0 0 96 6
1 1 0 0 97 7686
1 1 0 0 98 15366
1 1 0 0 99 23046
1 1 0 0 100 30726
1 1 0 0 101 38406
1 1 0 0 102 46086
1 1 0 0 103 53766
1 1 0 0 104 61446
1 1 0 0 105 69126
1 1 0 0 106 76806
1 1 0 0 107 84486
1 1 0 0 108 92166
1 1 0 0 109 99846
1 1 0 0 110 107526
1 1 0 0 111 115206
1 1 0 0 112 7
1 1 0 0 113 7687
1 1 0 0 114 15367
1 1 0 0 115 23047
1 1 0 0 116 30727
1 1 0 0 117 38407
1 1 0 0 118 46087
1 1 0 0 119 53767
1 1 0 0 120 61447
1 1 0 0 121 69127
1 1 0 0 122 76807
1 1 0 0 123 84487
1 1 0 0 124 92167
1 1 0 0 125 99847
1 1 0 0 126 107527
1 1 0 0 127 115207
1 1 0 0 160 10
1 1 0 0 161 7690
1 1 0 0 162 15370
1 1 0 0 163 23050
1 1 0 0 164 30730
1 1 0 0 165 38410
1 1 0 0 166 46090
1 1 0 0 167 53770
1 1 0 0 168 61450
1 1 0 0 169 69130
1 1 0 0 170 76810
1 1 0 0 171 84490
1 1 0 0 172 92170
1 1 0 0 173 99850
1 1 0 0 174 107530
1 1 0 0 175 115210
1 1 0 0 176 11
1 1 0 0 177 7691
1 1 0 0 178 15371
1 1 0 0 179 23051
1 1 0 0 180 30731
1 1 0 0 181 38411
1 1 0 0 182 46091
1 1 0 0 183 53771
1 1 0 0 184 61451
1 1 0 0 185 69131
1 1 0 0 186 76811
1 1 0 0 187 84491
1 1 0 0 188 92171
1 1 0 0 189 99851
1 1 0 0 190 107531
1 1 0 0 191 115211
1 1 0 0 32 2
1 1 0 0 33 7682
1 1 0 0 34 15362
1 1 0 0 35 23042
1 1 0 0 36 30722
1 1 0 0 37 38402
1 1 0 0 38 46082
1 1 0 0 39 53762
1 1 0 0 40 61442
1 1 0 0 41 69122
1 1 0 0 42 76802
1 1 0 0 43 84482
1 1 0 0 44 92162
1 1 0 0 45 99842
1 1 0 0 46 107522
1 1 0 0 47 115202
1 1 0 0 48 3
1 1 0 0 49 7683
1 1 0 0 50 15363
1 1 0 0 51 23043
1 1 0 0 52 30723
1 1 0 0 53 38403
1 1 0 0 54 46083
1 1 0 0 55 53763
1 1 0 0 56 61443
1 1 0 0 57 69123
1 1 0 0 58 76803
1 1 0 0 59 84483
1 1 0 0 60 92163
1 1 0 0 61 99843
1 1 0 0 62 107523
1 1 0 0 63 115203
1 1 0 0 224 14
1 1 0 0 225 7694
1 1 0 0 226 15374
1 1 0 0 227 23054
1 1 0 0 228 30734
1 1 0 0 229 38414
1 1 0 0 230 46094
1 1 0 0 231 53774
1 1 0 0 232 61454
1 1 0 0 233 69134
1 1 0 0 234 76814
1 1 0 0 235 84494
1 1 0 0 236 92174
1 1 0 0 237 99854
1 1 0 0 238 107534
1 1 0 0 239 115214
1 1 0 0 240 15
1 1 0 0 241 7695
1 1 0 0 242 15375
1 1 0 0 243 23055
1 1 0 0 244 30735
1 1 0 0 245 38415
1 1 0 0 246 46095
1 1 0 0 247 53775
1 1 0 0 248 61455
1 1 0 0 249 69135
1 1 0 0 250 76815
1 1 0 0 251 84495
1 1 0 0 252 92175
1 1 0 0 253 99855
1 1 0 0 254 107535
1 1 0 0 255 115215
