[0, 0, 0, 0, 0, 0]
[0, 0, 0, 0, 1, 1]
[0, 0, 0, 0, 2, 2]
[0, 0, 0, 0, 3, 3]
[0, 0, 0, 0, 4, 4]
[0, 0, 0, 0, 5, 5]
[0, 0, 0, 0, 6, 6]
[0, 0, 0, 0, 7, 7]
[0, 0, 0, 0, 8, 8]
[0, 0, 0, 0, 9, 9]
[0, 0, 0, 0, 10, 10]
[0, 0, 0, 0, 11, 11]
[0, 0, 0, 0, 12, 12]
[0, 0, 0, 0, 13, 13]
[0, 0, 0, 0, 14, 14]
[0, 0, 0, 0, 15, 15]
[0, 0, 0, 0, 16, 256]
[0, 0, 0, 0, 17, 257]
[0, 0, 0, 0, 18, 258]
[0, 0, 0, 0, 19, 259]
[0, 0, 0, 0, 20, 260]
[0, 0, 0, 0, 21, 261]
[0, 0, 0, 0, 22, 262]
[0, 0, 0, 0, 23, 263]
[0, 0, 0, 0, 24, 264]
[0, 0, 0, 0, 25, 265]
[0, 0, 0, 0, 26, 266]
[0, 0, 0, 0, 27, 267]
[0, 0, 0, 0, 28, 268]
[0, 0, 0, 0, 29, 269]
[0, 0, 0, 0, 30, 270]
[0, 0, 0, 0, 31, 271]
[0, 0, 0, 1, 0, 16]
[0, 0, 0, 1, 1, 17]
[0, 0, 0, 1, 2, 18]
[0, 0, 0, 1, 3, 19]
[0, 0, 0, 1, 4, 20]
[0, 0, 0, 1, 5, 21]
[0, 0, 0, 1, 6, 22]
[0, 0, 0, 1, 7, 23]
[0, 0, 0, 1, 8, 24]
[0, 0, 0, 1, 9, 25]
[0, 0, 0, 1, 10, 26]
[0, 0, 0, 1, 11, 27]
[0, 0, 0, 1, 12, 28]
[0, 0, 0, 1, 13, 29]
[0, 0, 0, 1, 14, 30]
[0, 0, 0, 1, 15, 31]
[0, 0, 0, 1, 16, 272]
[0, 0, 0, 1, 17, 273]
[0, 0, 0, 1, 18, 274]
[0, 0, 0, 1, 19, 275]
[0, 0, 0, 1, 20, 276]
[0, 0, 0, 1, 21, 277]
[0, 0, 0, 1, 22, 278]
[0, 0, 0, 1, 23, 279]
[0, 0, 0, 1, 24, 280]
[0, 0, 0, 1, 25, 281]
[0, 0, 0, 1, 26, 282]
[0, 0, 0, 1, 27, 283]
[0, 0, 0, 1, 28, 284]
[0, 0, 0, 1, 29, 285]
[0, 0, 0, 1, 30, 286]
[0, 0, 0, 1, 31, 287]
[0, 0, 0, 2, 0, 32]
[0, 0, 0, 2, 1, 33]
[0, 0, 0, 2, 2, 34]
[0, 0, 0, 2, 3, 35]
[0, 0, 0, 2, 4, 36]
[0, 0, 0, 2, 5, 37]
[0, 0, 0, 2, 6, 38]
[0, 0, 0, 2, 7, 39]
[0, 0, 0, 2, 8, 40]
[0, 0, 0, 2, 9, 41]
[0, 0, 0, 2, 10, 42]
[0, 0, 0, 2, 11, 43]
[0, 0, 0, 2, 12, 44]
[0, 0, 0, 2, 13, 45]
[0, 0, 0, 2, 14, 46]
[0, 0, 0, 2, 15, 47]
[0, 0, 0, 2, 16, 288]
[0, 0, 0, 2, 17, 289]
[0, 0, 0, 2, 18, 290]
[0, 0, 0, 2, 19, 291]
[0, 0, 0, 2, 20, 292]
[0, 0, 0, 2, 21, 293]
[0, 0, 0, 2, 22, 294]
[0, 0, 0, 2, 23, 295]
[0, 0, 0, 2, 24, 296]
[0, 0, 0, 2, 25, 297]
[0, 0, 0, 2, 26, 298]
[0, 0, 0, 2, 27, 299]
[0, 0, 0, 2, 28, 300]
[0, 0, 0, 2, 29, 301]
[0, 0, 0, 2, 30, 302]
[0, 0, 0, 2, 31, 303]
[0, 0, 0, 3, 0, 48]
[0, 0, 0, 3, 1, 49]
[0, 0, 0, 3, 2, 50]
[0, 0, 0, 3, 3, 51]
[0, 0, 0, 3, 4, 52]
[0, 0, 0, 3, 5, 53]
[0, 0, 0, 3, 6, 54]
[0, 0, 0, 3, 7, 55]
[0, 0, 0, 3, 8, 56]
[0, 0, 0, 3, 9, 57]
[0, 0, 0, 3, 10, 58]
[0, 0, 0, 3, 11, 59]
[0, 0, 0, 3, 12, 60]
[0, 0, 0, 3, 13, 61]
[0, 0, 0, 3, 14, 62]
[0, 0, 0, 3, 15, 63]
[0, 0, 0, 3, 16, 304]
[0, 0, 0, 3, 17, 305]
[0, 0, 0, 3, 18, 306]
[0, 0, 0, 3, 19, 307]
[0, 0, 0, 3, 20, 308]
[0, 0, 0, 3, 21, 309]
[0, 0, 0, 3, 22, 310]
[0, 0, 0, 3, 23, 311]
[0, 0, 0, 3, 24, 312]
[0, 0, 0, 3, 25, 313]
[0, 0, 0, 3, 26, 314]
[0, 0, 0, 3, 27, 315]
[0, 0, 0, 3, 28, 316]
[0, 0, 0, 3, 29, 317]
[0, 0, 0, 3, 30, 318]
[0, 0, 0, 3, 31, 319]
[0, 0, 0, 4, 0, 64]
[0, 0, 0, 4, 1, 65]
[0, 0, 0, 4, 2, 66]
[0, 0, 0, 4, 3, 67]
[0, 0, 0, 4, 4, 68]
[0, 0, 0, 4, 5, 69]
[0, 0, 0, 4, 6, 70]
[0, 0, 0, 4, 7, 71]
[0, 0, 0, 4, 8, 72]
[0, 0, 0, 4, 9, 73]
[0, 0, 0, 4, 10, 74]
[0, 0, 0, 4, 11, 75]
[0, 0, 0, 4, 12, 76]
[0, 0, 0, 4, 13, 77]
[0, 0, 0, 4, 14, 78]
[0, 0, 0, 4, 15, 79]
[0, 0, 0, 4, 16, 320]
[0, 0, 0, 4, 17, 321]
[0, 0, 0, 4, 18, 322]
[0, 0, 0, 4, 19, 323]
[0, 0, 0, 4, 20, 324]
[0, 0, 0, 4, 21, 325]
[0, 0, 0, 4, 22, 326]
[0, 0, 0, 4, 23, 327]
[0, 0, 0, 4, 24, 328]
[0, 0, 0, 4, 25, 329]
[0, 0, 0, 4, 26, 330]
[0, 0, 0, 4, 27, 331]
[0, 0, 0, 4, 28, 332]
[0, 0, 0, 4, 29, 333]
[0, 0, 0, 4, 30, 334]
[0, 0, 0, 4, 31, 335]
[0, 0, 0, 5, 0, 80]
[0, 0, 0, 5, 1, 81]
[0, 0, 0, 5, 2, 82]
[0, 0, 0, 5, 3, 83]
[0, 0, 0, 5, 4, 84]
[0, 0, 0, 5, 5, 85]
[0, 0, 0, 5, 6, 86]
[0, 0, 0, 5, 7, 87]
[0, 0, 0, 5, 8, 88]
[0, 0, 0, 5, 9, 89]
[0, 0, 0, 5, 10, 90]
[0, 0, 0, 5, 11, 91]
[0, 0, 0, 5, 12, 92]
[0, 0, 0, 5, 13, 93]
[0, 0, 0, 5, 14, 94]
[0, 0, 0, 5, 15, 95]
[0, 0, 0, 5, 16, 336]
[0, 0, 0, 5, 17, 337]
[0, 0, 0, 5, 18, 338]
[0, 0, 0, 5, 19, 339]
[0, 0, 0, 5, 20, 340]
[0, 0, 0, 5, 21, 341]
[0, 0, 0, 5, 22, 342]
[0, 0, 0, 5, 23, 343]
[0, 0, 0, 5, 24, 344]
[0, 0, 0, 5, 25, 345]
[0, 0, 0, 5, 26, 346]
[0, 0, 0, 5, 27, 347]
[0, 0, 0, 5, 28, 348]
[0, 0, 0, 5, 29, 349]
[0, 0, 0, 5, 30, 350]
[0, 0, 0, 5, 31, 351]
[0, 0, 0, 6, 0, 96]
[0, 0, 0, 6, 1, 97]
[0, 0, 0, 6, 2, 98]
[0, 0, 0, 6, 3, 99]
[0, 0, 0, 6, 4, 100]
[0, 0, 0, 6, 5, 101]
[0, 0, 0, 6, 6, 102]
[0, 0, 0, 6, 7, 103]
[0, 0, 0, 6, 8, 104]
[0, 0, 0, 6, 9, 105]
[0, 0, 0, 6, 10, 106]
[0, 0, 0, 6, 11, 107]
[0, 0, 0, 6, 12, 108]
[0, 0, 0, 6, 13, 109]
[0, 0, 0, 6, 14, 110]
[0, 0, 0, 6, 15, 111]
[0, 0, 0, 6, 16, 352]
[0, 0, 0, 6, 17, 353]
[0, 0, 0, 6, 18, 354]
[0, 0, 0, 6, 19, 355]
[0, 0, 0, 6, 20, 356]
[0, 0, 0, 6, 21, 357]
[0, 0, 0, 6, 22, 358]
[0, 0, 0, 6, 23, 359]
[0, 0, 0, 6, 24, 360]
[0, 0, 0, 6, 25, 361]
[0, 0, 0, 6, 26, 362]
[0, 0, 0, 6, 27, 363]
[0, 0, 0, 6, 28, 364]
[0, 0, 0, 6, 29, 365]
[0, 0, 0, 6, 30, 366]
[0, 0, 0, 6, 31, 367]
[0, 0, 0, 7, 0, 112]
[0, 0, 0, 7, 1, 113]
[0, 0, 0, 7, 2, 114]
[0, 0, 0, 7, 3, 115]
[0, 0, 0, 7, 4, 116]
[0, 0, 0, 7, 5, 117]
[0, 0, 0, 7, 6, 118]
[0, 0, 0, 7, 7, 119]
[0, 0, 0, 7, 8, 120]
[0, 0, 0, 7, 9, 121]
[0, 0, 0, 7, 10, 122]
[0, 0, 0, 7, 11, 123]
[0, 0, 0, 7, 12, 124]
[0, 0, 0, 7, 13, 125]
[0, 0, 0, 7, 14, 126]
[0, 0, 0, 7, 15, 127]
[0, 0, 0, 7, 16, 368]
[0, 0, 0, 7, 17, 369]
[0, 0, 0, 7, 18, 370]
[0, 0, 0, 7, 19, 371]
[0, 0, 0, 7, 20, 372]
[0, 0, 0, 7, 21, 373]
[0, 0, 0, 7, 22, 374]
[0, 0, 0, 7, 23, 375]
[0, 0, 0, 7, 24, 376]
[0, 0, 0, 7, 25, 377]
[0, 0, 0, 7, 26, 378]
[0, 0, 0, 7, 27, 379]
[0, 0, 0, 7, 28, 380]
[0, 0, 0, 7, 29, 381]
[0, 0, 0, 7, 30, 382]
[0, 0, 0, 7, 31, 383]
[0, 0, 0, 8, 0, 128]
[0, 0, 0, 8, 1, 129]
[0, 0, 0, 8, 2, 130]
[0, 0, 0, 8, 3, 131]
[0, 0, 0, 8, 4, 132]
[0, 0, 0, 8, 5, 133]
[0, 0, 0, 8, 6, 134]
[0, 0, 0, 8, 7, 135]
[0, 0, 0, 8, 8, 136]
[0, 0, 0, 8, 9, 137]
[0, 0, 0, 8, 10, 138]
[0, 0, 0, 8, 11, 139]
[0, 0, 0, 8, 12, 140]
[0, 0, 0, 8, 13, 141]
[0, 0, 0, 8, 14, 142]
[0, 0, 0, 8, 15, 143]
[0, 0, 0, 8, 16, 384]
[0, 0, 0, 8, 17, 385]
[0, 0, 0, 8, 18, 386]
[0, 0, 0, 8, 19, 387]
[0, 0, 0, 8, 20, 388]
[0, 0, 0, 8, 21, 389]
[0, 0, 0, 8, 22, 390]
[0, 0, 0, 8, 23, 391]
[0, 0, 0, 8, 24, 392]
[0, 0, 0, 8, 25, 393]
[0, 0, 0, 8, 26, 394]
[0, 0, 0, 8, 27, 395]
[0, 0, 0, 8, 28, 396]
[0, 0, 0, 8, 29, 397]
[0, 0, 0, 8, 30, 398]
[0, 0, 0, 8, 31, 399]
[0, 0, 0, 9, 0, 144]
[0, 0, 0, 9, 1, 145]
[0, 0, 0, 9, 2, 146]
[0, 0, 0, 9, 3, 147]
[0, 0, 0, 9, 4, 148]
[0, 0, 0, 9, 5, 149]
[0, 0, 0, 9, 6, 150]
[0, 0, 0, 9, 7, 151]
[0, 0, 0, 9, 8, 152]
[0, 0, 0, 9, 9, 153]
[0, 0, 0, 9, 10, 154]
[0, 0, 0, 9, 11, 155]
[0, 0, 0, 9, 12, 156]
[0, 0, 0, 9, 13, 157]
[0, 0, 0, 9, 14, 158]
[0, 0, 0, 9, 15, 159]
[0, 0, 0, 9, 16, 400]
[0, 0, 0, 9, 17, 401]
[0, 0, 0, 9, 18, 402]
[0, 0, 0, 9, 19, 403]
[0, 0, 0, 9, 20, 404]
[0, 0, 0, 9, 21, 405]
[0, 0, 0, 9, 22, 406]
[0, 0, 0, 9, 23, 407]
[0, 0, 0, 9, 24, 408]
[0, 0, 0, 9, 25, 409]
[0, 0, 0, 9, 26, 410]
[0, 0, 0, 9, 27, 411]
[0, 0, 0, 9, 28, 412]
[0, 0, 0, 9, 29, 413]
[0, 0, 0, 9, 30, 414]
[0, 0, 0, 9, 31, 415]
[0, 0, 0, 10, 0, 160]
[0, 0, 0, 10, 1, 161]
[0, 0, 0, 10, 2, 162]
[0, 0, 0, 10, 3, 163]
[0, 0, 0, 10, 4, 164]
[0, 0, 0, 10, 5, 165]
[0, 0, 0, 10, 6, 166]
[0, 0, 0, 10, 7, 167]
[0, 0, 0, 10, 8, 168]
[0, 0, 0, 10, 9, 169]
[0, 0, 0, 10, 10, 170]
[0, 0, 0, 10, 11, 171]
[0, 0, 0, 10, 12, 172]
[0, 0, 0, 10, 13, 173]
[0, 0, 0, 10, 14, 174]
[0, 0, 0, 10, 15, 175]
[0, 0, 0, 10, 16, 416]
[0, 0, 0, 10, 17, 417]
[0, 0, 0, 10, 18, 418]
[0, 0, 0, 10, 19, 419]
[0, 0, 0, 10, 20, 420]
[0, 0, 0, 10, 21, 421]
[0, 0, 0, 10, 22, 422]
[0, 0, 0, 10, 23, 423]
[0, 0, 0, 10, 24, 424]
[0, 0, 0, 10, 25, 425]
[0, 0, 0, 10, 26, 426]
[0, 0, 0, 10, 27, 427]
[0, 0, 0, 10, 28, 428]
[0, 0, 0, 10, 29, 429]
[0, 0, 0, 10, 30, 430]
[0, 0, 0, 10, 31, 431]
[0, 0, 0, 11, 0, 176]
[0, 0, 0, 11, 1, 177]
[0, 0, 0, 11, 2, 178]
[0, 0, 0, 11, 3, 179]
[0, 0, 0, 11, 4, 180]
[0, 0, 0, 11, 5, 181]
[0, 0, 0, 11, 6, 182]
[0, 0, 0, 11, 7, 183]
[0, 0, 0, 11, 8, 184]
[0, 0, 0, 11, 9, 185]
[0, 0, 0, 11, 10, 186]
[0, 0, 0, 11, 11, 187]
[0, 0, 0, 11, 12, 188]
[0, 0, 0, 11, 13, 189]
[0, 0, 0, 11, 14, 190]
[0, 0, 0, 11, 15, 191]
[0, 0, 0, 11, 16, 432]
[0, 0, 0, 11, 17, 433]
[0, 0, 0, 11, 18, 434]
[0, 0, 0, 11, 19, 435]
[0, 0, 0, 11, 20, 436]
[0, 0, 0, 11, 21, 437]
[0, 0, 0, 11, 22, 438]
[0, 0, 0, 11, 23, 439]
[0, 0, 0, 11, 24, 440]
[0, 0, 0, 11, 25, 441]
[0, 0, 0, 11, 26, 442]
[0, 0, 0, 11, 27, 443]
[0, 0, 0, 11, 28, 444]
[0, 0, 0, 11, 29, 445]
[0, 0, 0, 11, 30, 446]
[0, 0, 0, 11, 31, 447]
[0, 0, 0, 12, 0, 192]
[0, 0, 0, 12, 1, 193]
[0, 0, 0, 12, 2, 194]
[0, 0, 0, 12, 3, 195]
[0, 0, 0, 12, 4, 196]
[0, 0, 0, 12, 5, 197]
[0, 0, 0, 12, 6, 198]
[0, 0, 0, 12, 7, 199]
[0, 0, 0, 12, 8, 200]
[0, 0, 0, 12, 9, 201]
[0, 0, 0, 12, 10, 202]
[0, 0, 0, 12, 11, 203]
[0, 0, 0, 12, 12, 204]
[0, 0, 0, 12, 13, 205]
[0, 0, 0, 12, 14, 206]
[0, 0, 0, 12, 15, 207]
[0, 0, 0, 12, 16, 448]
[0, 0, 0, 12, 17, 449]
[0, 0, 0, 12, 18, 450]
[0, 0, 0, 12, 19, 451]
[0, 0, 0, 12, 20, 452]
[0, 0, 0, 12, 21, 453]
[0, 0, 0, 12, 22, 454]
[0, 0, 0, 12, 23, 455]
[0, 0, 0, 12, 24, 456]
[0, 0, 0, 12, 25, 457]
[0, 0, 0, 12, 26, 458]
[0, 0, 0, 12, 27, 459]
[0, 0, 0, 12, 28, 460]
[0, 0, 0, 12, 29, 461]
[0, 0, 0, 12, 30, 462]
[0, 0, 0, 12, 31, 463]
[0, 0, 0, 13, 0, 208]
[0, 0, 0, 13, 1, 209]
[0, 0, 0, 13, 2, 210]
[0, 0, 0, 13, 3, 211]
[0, 0, 0, 13, 4, 212]
[0, 0, 0, 13, 5, 213]
[0, 0, 0, 13, 6, 214]
[0, 0, 0, 13, 7, 215]
[0, 0, 0, 13, 8, 216]
[0, 0, 0, 13, 9, 217]
[0, 0, 0, 13, 10, 218]
[0, 0, 0, 13, 11, 219]
[0, 0, 0, 13, 12, 220]
[0, 0, 0, 13, 13, 221]
[0, 0, 0, 13, 14, 222]
[0, 0, 0, 13, 15, 223]
[0, 0, 0, 13, 16, 464]
[0, 0, 0, 13, 17, 465]
[0, 0, 0, 13, 18, 466]
[0, 0, 0, 13, 19, 467]
[0, 0, 0, 13, 20, 468]
[0, 0, 0, 13, 21, 469]
[0, 0, 0, 13, 22, 470]
[0, 0, 0, 13, 23, 471]
[0, 0, 0, 13, 24, 472]
[0, 0, 0, 13, 25, 473]
[0, 0, 0, 13, 26, 474]
[0, 0, 0, 13, 27, 475]
[0, 0, 0, 13, 28, 476]
[0, 0, 0, 13, 29, 477]
[0, 0, 0, 13, 30, 478]
[0, 0, 0, 13, 31, 479]
[0, 0, 0, 14, 0, 224]
[0, 0, 0, 14, 1, 225]
[0, 0, 0, 14, 2, 226]
[0, 0, 0, 14, 3, 227]
[0, 0, 0, 14, 4, 228]
[0, 0, 0, 14, 5, 229]
[0, 0, 0, 14, 6, 230]
[0, 0, 0, 14, 7, 231]
[0, 0, 0, 14, 8, 232]
[0, 0, 0, 14, 9, 233]
[0, 0, 0, 14, 10, 234]
[0, 0, 0, 14, 11, 235]
[0, 0, 0, 14, 12, 236]
[0, 0, 0, 14, 13, 237]
[0, 0, 0, 14, 14, 238]
[0, 0, 0, 14, 15, 239]
[0, 0, 0, 14, 16, 480]
[0, 0, 0, 14, 17, 481]
[0, 0, 0, 14, 18, 482]
[0, 0, 0, 14, 19, 483]
[0, 0, 0, 14, 20, 484]
[0, 0, 0, 14, 21, 485]
[0, 0, 0, 14, 22, 486]
[0, 0, 0, 14, 23, 487]
[0, 0, 0, 14, 24, 488]
[0, 0, 0, 14, 25, 489]
[0, 0, 0, 14, 26, 490]
[0, 0, 0, 14, 27, 491]
[0, 0, 0, 14, 28, 492]
[0, 0, 0, 14, 29, 493]
[0, 0, 0, 14, 30, 494]
[0, 0, 0, 14, 31, 495]
[0, 0, 0, 15, 0, 240]
[0, 0, 0, 15, 1, 241]
[0, 0, 0, 15, 2, 242]
[0, 0, 0, 15, 3, 243]
[0, 0, 0, 15, 4, 244]
[0, 0, 0, 15, 5, 245]
[0, 0, 0, 15, 6, 246]
[0, 0, 0, 15, 7, 247]
[0, 0, 0, 15, 8, 248]
[0, 0, 0, 15, 9, 249]
[0, 0, 0, 15, 10, 250]
[0, 0, 0, 15, 11, 251]
[0, 0, 0, 15, 12, 252]
[0, 0, 0, 15, 13, 253]
[0, 0, 0, 15, 14, 254]
[0, 0, 0, 15, 15, 255]
[0, 0, 0, 15, 16, 496]
[0, 0, 0, 15, 17, 497]
[0, 0, 0, 15, 18, 498]
[0, 0, 0, 15, 19, 499]
[0, 0, 0, 15, 20, 500]
[0, 0, 0, 15, 21, 501]
[0, 0, 0, 15, 22, 502]
[0, 0, 0, 15, 23, 503]
[0, 0, 0, 15, 24, 504]
[0, 0, 0, 15, 25, 505]
[0, 0, 0, 15, 26, 506]
[0, 0, 0, 15, 27, 507]
[0, 0, 0, 15, 28, 508]
[0, 0, 0, 15, 29, 509]
[0, 0, 0, 15, 30, 510]
[0, 0, 0, 15, 31, 511]
[1, 0, 0, 0, 0, 0]
[1, 0, 0, 0, 1, 1]
[1, 0, 0, 0, 2, 2]
[1, 0, 0, 0, 3, 3]
[1, 0, 0, 0, 4, 4]
[1, 0, 0, 0, 5, 5]
[1, 0, 0, 0, 6, 6]
[1, 0, 0, 0, 7, 7]
[1, 0, 0, 0, 8, 8]
[1, 0, 0, 0, 9, 9]
[1, 0, 0, 0, 10, 10]
[1, 0, 0, 0, 11, 11]
[1, 0, 0, 0, 12, 12]
[1, 0, 0, 0, 13, 13]
[1, 0, 0, 0, 14, 14]
[1, 0, 0, 0, 15, 15]
[1, 0, 0, 0, 16, 3840]
[1, 0, 0, 0, 17, 3841]
[1, 0, 0, 0, 18, 3842]
[1, 0, 0, 0, 19, 3843]
[1, 0, 0, 0, 20, 3844]
[1, 0, 0, 0, 21, 3845]
[1, 0, 0, 0, 22, 3846]
[1, 0, 0, 0, 23, 3847]
[1, 0, 0, 0, 24, 3848]
[1, 0, 0, 0, 25, 3849]
[1, 0, 0, 0, 26, 3850]
[1, 0, 0, 0, 27, 3851]
[1, 0, 0, 0, 28, 3852]
[1, 0, 0, 0, 29, 3853]
[1, 0, 0, 0, 30, 3854]
[1, 0, 0, 0, 31, 3855]
[1, 0, 0, 1, 0, 61440]
[1, 0, 0, 1, 1, 61441]
[1, 0, 0, 1, 2, 61442]
[1, 0, 0, 1, 3, 61443]
[1, 0, 0, 1, 4, 61444]
[1, 0, 0, 1, 5, 61445]
[1, 0, 0, 1, 6, 61446]
[1, 0, 0, 1, 7, 61447]
[1, 0, 0, 1, 8, 61448]
[1, 0, 0, 1, 9, 61449]
[1, 0, 0, 1, 10, 61450]
[1, 0, 0, 1, 11, 61451]
[1, 0, 0, 1, 12, 61452]
[1, 0, 0, 1, 13, 61453]
[1, 0, 0, 1, 14, 61454]
[1, 0, 0, 1, 15, 61455]
[1, 0, 0, 1, 16, 65280]
[1, 0, 0, 1, 17, 65281]
[1, 0, 0, 1, 18, 65282]
[1, 0, 0, 1, 19, 65283]
[1, 0, 0, 1, 20, 65284]
[1, 0, 0, 1, 21, 65285]
[1, 0, 0, 1, 22, 65286]
[1, 0, 0, 1, 23, 65287]
[1, 0, 0, 1, 24, 65288]
[1, 0, 0, 1, 25, 65289]
[1, 0, 0, 1, 26, 65290]
[1, 0, 0, 1, 27, 65291]
[1, 0, 0, 1, 28, 65292]
[1, 0, 0, 1, 29, 65293]
[1, 0, 0, 1, 30, 65294]
[1, 0, 0, 1, 31, 65295]
[1, 0, 0, 2, 0, 122880]
[1, 0, 0, 2, 1, 122881]
[1, 0, 0, 2, 2, 122882]
[1, 0, 0, 2, 3, 122883]
[1, 0, 0, 2, 4, 122884]
[1, 0, 0, 2, 5, 122885]
[1, 0, 0, 2, 6, 122886]
[1, 0, 0, 2, 7, 122887]
[1, 0, 0, 2, 8, 122888]
[1, 0, 0, 2, 9, 122889]
[1, 0, 0, 2, 10, 122890]
[1, 0, 0, 2, 11, 122891]
[1, 0, 0, 2, 12, 122892]
[1, 0, 0, 2, 13, 122893]
[1, 0, 0, 2, 14, 122894]
[1, 0, 0, 2, 15, 122895]
[1, 0, 0, 2, 16, 126720]
[1, 0, 0, 2, 17, 126721]
[1, 0, 0, 2, 18, 126722]
[1, 0, 0, 2, 19, 126723]
[1, 0, 0, 2, 20, 126724]
[1, 0, 0, 2, 21, 126725]
[1, 0, 0, 2, 22, 126726]
[1, 0, 0, 2, 23, 126727]
[1, 0, 0, 2, 24, 126728]
[1, 0, 0, 2, 25, 126729]
[1, 0, 0, 2, 26, 126730]
[1, 0, 0, 2, 27, 126731]
[1, 0, 0, 2, 28, 126732]
[1, 0, 0, 2, 29, 126733]
[1, 0, 0, 2, 30, 126734]
[1, 0, 0, 2, 31, 126735]
[1, 0, 0, 3, 0, 184320]
[1, 0, 0, 3, 1, 184321]
[1, 0, 0, 3, 2, 184322]
[1, 0, 0, 3, 3, 184323]
[1, 0, 0, 3, 4, 184324]
[1, 0, 0, 3, 5, 184325]
[1, 0, 0, 3, 6, 184326]
[1, 0, 0, 3, 7, 184327]
[1, 0, 0, 3, 8, 184328]
[1, 0, 0, 3, 9, 184329]
[1, 0, 0, 3, 10, 184330]
[1, 0, 0, 3, 11, 184331]
[1, 0, 0, 3, 12, 184332]
[1, 0, 0, 3, 13, 184333]
[1, 0, 0, 3, 14, 184334]
[1, 0, 0, 3, 15, 184335]
[1, 0, 0, 3, 16, 188160]
[1, 0, 0, 3, 17, 188161]
[1, 0, 0, 3, 18, 188162]
[1, 0, 0, 3, 19, 188163]
[1, 0, 0, 3, 20, 188164]
[1, 0, 0, 3, 21, 188165]
[1, 0, 0, 3, 22, 188166]
[1, 0, 0, 3, 23, 188167]
[1, 0, 0, 3, 24, 188168]
[1, 0, 0, 3, 25, 188169]
[1, 0, 0, 3, 26, 188170]
[1, 0, 0, 3, 27, 188171]
[1, 0, 0, 3, 28, 188172]
[1, 0, 0, 3, 29, 188173]
[1, 0, 0, 3, 30, 188174]
[1, 0, 0, 3, 31, 188175]
[1, 0, 0, 4, 0, 245760]
[1, 0, 0, 4, 1, 245761]
[1, 0, 0, 4, 2, 245762]
[1, 0, 0, 4, 3, 245763]
[1, 0, 0, 4, 4, 245764]
[1, 0, 0, 4, 5, 245765]
[1, 0, 0, 4, 6, 245766]
[1, 0, 0, 4, 7, 245767]
[1, 0, 0, 4, 8, 245768]
[1, 0, 0, 4, 9, 245769]
[1, 0, 0, 4, 10, 245770]
[1, 0, 0, 4, 11, 245771]
[1, 0, 0, 4, 12, 245772]
[1, 0, 0, 4, 13, 245773]
[1, 0, 0, 4, 14, 245774]
[1, 0, 0, 4, 15, 245775]
[1, 0, 0, 4, 16, 249600]
[1, 0, 0, 4, 17, 249601]
[1, 0, 0, 4, 18, 249602]
[1, 0, 0, 4, 19, 249603]
[1, 0, 0, 4, 20, 249604]
[1, 0, 0, 4, 21, 249605]
[1, 0, 0, 4, 22, 249606]
[1, 0, 0, 4, 23, 249607]
[1, 0, 0, 4, 24, 249608]
[1, 0, 0, 4, 25, 249609]
[1, 0, 0, 4, 26, 249610]
[1, 0, 0, 4, 27, 249611]
[1, 0, 0, 4, 28, 249612]
[1, 0, 0, 4, 29, 249613]
[1, 0, 0, 4, 30, 249614]
[1, 0, 0, 4, 31, 249615]
[1, 0, 0, 5, 0, 307200]
[1, 0, 0, 5, 1, 307201]
[1, 0, 0, 5, 2, 307202]
[1, 0, 0, 5, 3, 307203]
[1, 0, 0, 5, 4, 307204]
[1, 0, 0, 5, 5, 307205]
[1, 0, 0, 5, 6, 307206]
[1, 0, 0, 5, 7, 307207]
[1, 0, 0, 5, 8, 307208]
[1, 0, 0, 5, 9, 307209]
[1, 0, 0, 5, 10, 307210]
[1, 0, 0, 5, 11, 307211]
[1, 0, 0, 5, 12, 307212]
[1, 0, 0, 5, 13, 307213]
[1, 0, 0, 5, 14, 307214]
[1, 0, 0, 5, 15, 307215]
[1, 0, 0, 5, 16, 311040]
[1, 0, 0, 5, 17, 311041]
[1, 0, 0, 5, 18, 311042]
[1, 0, 0, 5, 19, 311043]
[1, 0, 0, 5, 20, 311044]
[1, 0, 0, 5, 21, 311045]
[1, 0, 0, 5, 22, 311046]
[1, 0, 0, 5, 23, 311047]
[1, 0, 0, 5, 24, 311048]
[1, 0, 0, 5, 25, 311049]
[1, 0, 0, 5, 26, 311050]
[1, 0, 0, 5, 27, 311051]
[1, 0, 0, 5, 28, 311052]
[1, 0, 0, 5, 29, 311053]
[1, 0, 0, 5, 30, 311054]
[1, 0, 0, 5, 31, 311055]
[1, 0, 0, 6, 0, 368640]
[1, 0, 0, 6, 1, 368641]
[1, 0, 0, 6, 2, 368642]
[1, 0, 0, 6, 3, 368643]
[1, 0, 0, 6, 4, 368644]
[1, 0, 0, 6, 5, 368645]
[1, 0, 0, 6, 6, 368646]
[1, 0, 0, 6, 7, 368647]
[1, 0, 0, 6, 8, 368648]
[1, 0, 0, 6, 9, 368649]
[1, 0, 0, 6, 10, 368650]
[1, 0, 0, 6, 11, 368651]
[1, 0, 0, 6, 12, 368652]
[1, 0, 0, 6, 13, 368653]
[1, 0, 0, 6, 14, 368654]
[1, 0, 0, 6, 15, 368655]
[1, 0, 0, 6, 16, 372480]
[1, 0, 0, 6, 17, 372481]
[1, 0, 0, 6, 18, 372482]
[1, 0, 0, 6, 19, 372483]
[1, 0, 0, 6, 20, 372484]
[1, 0, 0, 6, 21, 372485]
[1, 0, 0, 6, 22, 372486]
[1, 0, 0, 6, 23, 372487]
[1, 0, 0, 6, 24, 372488]
[1, 0, 0, 6, 25, 372489]
[1, 0, 0, 6, 26, 372490]
[1, 0, 0, 6, 27, 372491]
[1, 0, 0, 6, 28, 372492]
[1, 0, 0, 6, 29, 372493]
[1, 0, 0, 6, 30, 372494]
[1, 0, 0, 6, 31, 372495]
[1, 0, 0, 7, 0, 430080]
[1, 0, 0, 7, 1, 430081]
[1, 0, 0, 7, 2, 430082]
[1, 0, 0, 7, 3, 430083]
[1, 0, 0, 7, 4, 430084]
[1, 0, 0, 7, 5, 430085]
[1, 0, 0, 7, 6, 430086]
[1, 0, 0, 7, 7, 430087]
[1, 0, 0, 7, 8, 430088]
[1, 0, 0, 7, 9, 430089]
[1, 0, 0, 7, 10, 430090]
[1, 0, 0, 7, 11, 430091]
[1, 0, 0, 7, 12, 430092]
[1, 0, 0, 7, 13, 430093]
[1, 0, 0, 7, 14, 430094]
[1, 0, 0, 7, 15, 430095]
[1, 0, 0, 7, 16, 433920]
[1, 0, 0, 7, 17, 433921]
[1, 0, 0, 7, 18, 433922]
[1, 0, 0, 7, 19, 433923]
[1, 0, 0, 7, 20, 433924]
[1, 0, 0, 7, 21, 433925]
[1, 0, 0, 7, 22, 433926]
[1, 0, 0, 7, 23, 433927]
[1, 0, 0, 7, 24, 433928]
[1, 0, 0, 7, 25, 433929]
[1, 0, 0, 7, 26, 433930]
[1, 0, 0, 7, 27, 433931]
[1, 0, 0, 7, 28, 433932]
[1, 0, 0, 7, 29, 433933]
[1, 0, 0, 7, 30, 433934]
[1, 0, 0, 7, 31, 433935]
[1, 0, 0, 8, 0, 491520]
[1, 0, 0, 8, 1, 491521]
[1, 0, 0, 8, 2, 491522]
[1, 0, 0, 8, 3, 491523]
[1, 0, 0, 8, 4, 491524]
[1, 0, 0, 8, 5, 491525]
[1, 0, 0, 8, 6, 491526]
[1, 0, 0, 8, 7, 491527]
[1, 0, 0, 8, 8, 491528]
[1, 0, 0, 8, 9, 491529]
[1, 0, 0, 8, 10, 491530]
[1, 0, 0, 8, 11, 491531]
[1, 0, 0, 8, 12, 491532]
[1, 0, 0, 8, 13, 491533]
[1, 0, 0, 8, 14, 491534]
[1, 0, 0, 8, 15, 491535]
[1, 0, 0, 8, 16, 495360]
[1, 0, 0, 8, 17, 495361]
[1, 0, 0, 8, 18, 495362]
[1, 0, 0, 8, 19, 495363]
[1, 0, 0, 8, 20, 495364]
[1, 0, 0, 8, 21, 495365]
[1, 0, 0, 8, 22, 495366]
[1, 0, 0, 8, 23, 495367]
[1, 0, 0, 8, 24, 495368]
[1, 0, 0, 8, 25, 495369]
[1, 0, 0, 8, 26, 495370]
[1, 0, 0, 8, 27, 495371]
[1, 0, 0, 8, 28, 495372]
[1, 0, 0, 8, 29, 495373]
[1, 0, 0, 8, 30, 495374]
[1, 0, 0, 8, 31, 495375]
[1, 0, 0, 9, 0, 552960]
[1, 0, 0, 9, 1, 552961]
[1, 0, 0, 9, 2, 552962]
[1, 0, 0, 9, 3, 552963]
[1, 0, 0, 9, 4, 552964]
[1, 0, 0, 9, 5, 552965]
[1, 0, 0, 9, 6, 552966]
[1, 0, 0, 9, 7, 552967]
[1, 0, 0, 9, 8, 552968]
[1, 0, 0, 9, 9, 552969]
[1, 0, 0, 9, 10, 552970]
[1, 0, 0, 9, 11, 552971]
[1, 0, 0, 9, 12, 552972]
[1, 0, 0, 9, 13, 552973]
[1, 0, 0, 9, 14, 552974]
[1, 0, 0, 9, 15, 552975]
[1, 0, 0, 9, 16, 556800]
[1, 0, 0, 9, 17, 556801]
[1, 0, 0, 9, 18, 556802]
[1, 0, 0, 9, 19, 556803]
[1, 0, 0, 9, 20, 556804]
[1, 0, 0, 9, 21, 556805]
[1, 0, 0, 9, 22, 556806]
[1, 0, 0, 9, 23, 556807]
[1, 0, 0, 9, 24, 556808]
[1, 0, 0, 9, 25, 556809]
[1, 0, 0, 9, 26, 556810]
[1, 0, 0, 9, 27, 556811]
[1, 0, 0, 9, 28, 556812]
[1, 0, 0, 9, 29, 556813]
[1, 0, 0, 9, 30, 556814]
[1, 0, 0, 9, 31, 556815]
[1, 0, 0, 10, 0, 614400]
[1, 0, 0, 10, 1, 614401]
[1, 0, 0, 10, 2, 614402]
[1, 0, 0, 10, 3, 614403]
[1, 0, 0, 10, 4, 614404]
[1, 0, 0, 10, 5, 614405]
[1, 0, 0, 10, 6, 614406]
[1, 0, 0, 10, 7, 614407]
[1, 0, 0, 10, 8, 614408]
[1, 0, 0, 10, 9, 614409]
[1, 0, 0, 10, 10, 614410]
[1, 0, 0, 10, 11, 614411]
[1, 0, 0, 10, 12, 614412]
[1, 0, 0, 10, 13, 614413]
[1, 0, 0, 10, 14, 614414]
[1, 0, 0, 10, 15, 614415]
[1, 0, 0, 10, 16, 618240]
[1, 0, 0, 10, 17, 618241]
[1, 0, 0, 10, 18, 618242]
[1, 0, 0, 10, 19, 618243]
[1, 0, 0, 10, 20, 618244]
[1, 0, 0, 10, 21, 618245]
[1, 0, 0, 10, 22, 618246]
[1, 0, 0, 10, 23, 618247]
[1, 0, 0, 10, 24, 618248]
[1, 0, 0, 10, 25, 618249]
[1, 0, 0, 10, 26, 618250]
[1, 0, 0, 10, 27, 618251]
[1, 0, 0, 10, 28, 618252]
[1, 0, 0, 10, 29, 618253]
[1, 0, 0, 10, 30, 618254]
[1, 0, 0, 10, 31, 618255]
[1, 0, 0, 11, 0, 675840]
[1, 0, 0, 11, 1, 675841]
[1, 0, 0, 11, 2, 675842]
[1, 0, 0, 11, 3, 675843]
[1, 0, 0, 11, 4, 675844]
[1, 0, 0, 11, 5, 675845]
[1, 0, 0, 11, 6, 675846]
[1, 0, 0, 11, 7, 675847]
[1, 0, 0, 11, 8, 675848]
[1, 0, 0, 11, 9, 675849]
[1, 0, 0, 11, 10, 675850]
[1, 0, 0, 11, 11, 675851]
[1, 0, 0, 11, 12, 675852]
[1, 0, 0, 11, 13, 675853]
[1, 0, 0, 11, 14, 675854]
[1, 0, 0, 11, 15, 675855]
[1, 0, 0, 11, 16, 679680]
[1, 0, 0, 11, 17, 679681]
[1, 0, 0, 11, 18, 679682]
[1, 0, 0, 11, 19, 679683]
[1, 0, 0, 11, 20, 679684]
[1, 0, 0, 11, 21, 679685]
[1, 0, 0, 11, 22, 679686]
[1, 0, 0, 11, 23, 679687]
[1, 0, 0, 11, 24, 679688]
[1, 0, 0, 11, 25, 679689]
[1, 0, 0, 11, 26, 679690]
[1, 0, 0, 11, 27, 679691]
[1, 0, 0, 11, 28, 679692]
[1, 0, 0, 11, 29, 679693]
[1, 0, 0, 11, 30, 679694]
[1, 0, 0, 11, 31, 679695]
[1, 0, 0, 12, 0, 737280]
[1, 0, 0, 12, 1, 737281]
[1, 0, 0, 12, 2, 737282]
[1, 0, 0, 12, 3, 737283]
[1, 0, 0, 12, 4, 737284]
[1, 0, 0, 12, 5, 737285]
[1, 0, 0, 12, 6, 737286]
[1, 0, 0, 12, 7, 737287]
[1, 0, 0, 12, 8, 737288]
[1, 0, 0, 12, 9, 737289]
[1, 0, 0, 12, 10, 737290]
[1, 0, 0, 12, 11, 737291]
[1, 0, 0, 12, 12, 737292]
[1, 0, 0, 12, 13, 737293]
[1, 0, 0, 12, 14, 737294]
[1, 0, 0, 12, 15, 737295]
[1, 0, 0, 12, 16, 741120]
[1, 0, 0, 12, 17, 741121]
[1, 0, 0, 12, 18, 741122]
[1, 0, 0, 12, 19, 741123]
[1, 0, 0, 12, 20, 741124]
[1, 0, 0, 12, 21, 741125]
[1, 0, 0, 12, 22, 741126]
[1, 0, 0, 12, 23, 741127]
[1, 0, 0, 12, 24, 741128]
[1, 0, 0, 12, 25, 741129]
[1, 0, 0, 12, 26, 741130]
[1, 0, 0, 12, 27, 741131]
[1, 0, 0, 12, 28, 741132]
[1, 0, 0, 12, 29, 741133]
[1, 0, 0, 12, 30, 741134]
[1, 0, 0, 12, 31, 741135]
[1, 0, 0, 13, 0, 798720]
[1, 0, 0, 13, 1, 798721]
[1, 0, 0, 13, 2, 798722]
[1, 0, 0, 13, 3, 798723]
[1, 0, 0, 13, 4, 798724]
[1, 0, 0, 13, 5, 798725]
[1, 0, 0, 13, 6, 798726]
[1, 0, 0, 13, 7, 798727]
[1, 0, 0, 13, 8, 798728]
[1, 0, 0, 13, 9, 798729]
[1, 0, 0, 13, 10, 798730]
[1, 0, 0, 13, 11, 798731]
[1, 0, 0, 13, 12, 798732]
[1, 0, 0, 13, 13, 798733]
[1, 0, 0, 13, 14, 798734]
[1, 0, 0, 13, 15, 798735]
[1, 0, 0, 13, 16, 802560]
[1, 0, 0, 13, 17, 802561]
[1, 0, 0, 13, 18, 802562]
[1, 0, 0, 13, 19, 802563]
[1, 0, 0, 13, 20, 802564]
[1, 0, 0, 13, 21, 802565]
[1, 0, 0, 13, 22, 802566]
[1, 0, 0, 13, 23, 802567]
[1, 0, 0, 13, 24, 802568]
[1, 0, 0, 13, 25, 802569]
[1, 0, 0, 13, 26, 802570]
[1, 0, 0, 13, 27, 802571]
[1, 0, 0, 13, 28, 802572]
[1, 0, 0, 13, 29, 802573]
[1, 0, 0, 13, 30, 802574]
[1, 0, 0, 13, 31, 802575]
[1, 0, 0, 14, 0, 860160]
[1, 0, 0, 14, 1, 860161]
[1, 0, 0, 14, 2, 860162]
[1, 0, 0, 14, 3, 860163]
[1, 0, 0, 14, 4, 860164]
[1, 0, 0, 14, 5, 860165]
[1, 0, 0, 14, 6, 860166]
[1, 0, 0, 14, 7, 860167]
[1, 0, 0, 14, 8, 860168]
[1, 0, 0, 14, 9, 860169]
[1, 0, 0, 14, 10, 860170]
[1, 0, 0, 14, 11, 860171]
[1, 0, 0, 14, 12, 860172]
[1, 0, 0, 14, 13, 860173]
[1, 0, 0, 14, 14, 860174]
[1, 0, 0, 14, 15, 860175]
[1, 0, 0, 14, 16, 864000]
[1, 0, 0, 14, 17, 864001]
[1, 0, 0, 14, 18, 864002]
[1, 0, 0, 14, 19, 864003]
[1, 0, 0, 14, 20, 864004]
[1, 0, 0, 14, 21, 864005]
[1, 0, 0, 14, 22, 864006]
[1, 0, 0, 14, 23, 864007]
[1, 0, 0, 14, 24, 864008]
[1, 0, 0, 14, 25, 864009]
[1, 0, 0, 14, 26, 864010]
[1, 0, 0, 14, 27, 864011]
[1, 0, 0, 14, 28, 864012]
[1, 0, 0, 14, 29, 864013]
[1, 0, 0, 14, 30, 864014]
[1, 0, 0, 14, 31, 864015]
[1, 0, 0, 15, 0, 921600]
[1, 0, 0, 15, 1, 921601]
[1, 0, 0, 15, 2, 921602]
[1, 0, 0, 15, 3, 921603]
[1, 0, 0, 15, 4, 921604]
[1, 0, 0, 15, 5, 921605]
[1, 0, 0, 15, 6, 921606]
[1, 0, 0, 15, 7, 921607]
[1, 0, 0, 15, 8, 921608]
[1, 0, 0, 15, 9, 921609]
[1, 0, 0, 15, 10, 921610]
[1, 0, 0, 15, 11, 921611]
[1, 0, 0, 15, 12, 921612]
[1, 0, 0, 15, 13, 921613]
[1, 0, 0, 15, 14, 921614]
[1, 0, 0, 15, 15, 921615]
[1, 0, 0, 15, 16, 925440]
[1, 0, 0, 15, 17, 925441]
[1, 0, 0, 15, 18, 925442]
[1, 0, 0, 15, 19, 925443]
[1, 0, 0, 15, 20, 925444]
[1, 0, 0, 15, 21, 925445]
[1, 0, 0, 15, 22, 925446]
[1, 0, 0, 15, 23, 925447]
[1, 0, 0, 15, 24, 925448]
[1, 0, 0, 15, 25, 925449]
[1, 0, 0, 15, 26, 925450]
[1, 0, 0, 15, 27, 925451]
[1, 0, 0, 15, 28, 925452]
[1, 0, 0, 15, 29, 925453]
[1, 0, 0, 15, 30, 925454]
[1, 0, 0, 15, 31, 925455]
[2, 1, 0, 0, 0, 0]
[2, 1, 0, 0, 1, 1]
[2, 1, 0, 0, 2, 2]
[2, 1, 0, 0, 3, 3]
[2, 1, 0, 0, 4, 4]
[2, 1, 0, 0, 5, 5]
[2, 1, 0, 0, 6, 6]
[2, 1, 0, 0, 7, 7]
[2, 1, 0, 0, 8, 8]
[2, 1, 0, 0, 9, 9]
[2, 1, 0, 0, 10, 10]
[2, 1, 0, 0, 11, 11]
[2, 1, 0, 0, 12, 12]
[2, 1, 0, 0, 13, 13]
[2, 1, 0, 0, 14, 14]
[2, 1, 0, 0, 15, 15]
[2, 1, 0, 0, 16, 3840]
[2, 1, 0, 0, 17, 3841]
[2, 1, 0, 0, 18, 3842]
[2, 1, 0, 0, 19, 3843]
[2, 1, 0, 0, 20, 3844]
[2, 1, 0, 0, 21, 3845]
[2, 1, 0, 0, 22, 3846]
[2, 1, 0, 0, 23, 3847]
[2, 1, 0, 0, 24, 3848]
[2, 1, 0, 0, 25, 3849]
[2, 1, 0, 0, 26, 3850]
[2, 1, 0, 0, 27, 3851]
[2, 1, 0, 0, 28, 3852]
[2, 1, 0, 0, 29, 3853]
[2, 1, 0, 0, 30, 3854]
[2, 1, 0, 0, 31, 3855]
###########################
          Constant Memory                 
###########################
Array 0 put in constant memory has 512 latency
Array 0 put in constant memory has 32 cold latency!
Array 1 put in constant memory has 512 latency
Array 1 put in constant memory has 32 cold latency!
array 2 can only be put in shared memory or global memory
Array 2 put in constant memory has 99999999 latency
Array 2 put in constant memory has 0 cold latency
###########################
          Global Memory                 
###########################
Array 0 put in global memory has 512 latency
Array 0 put in global  memory has 25.6 cold latency!
Array 1 put in global memory has 512 latency
Array 1 put in global  memory has 25.6 cold latency!
[1.6]
Array 2 put in global memory has 32 latency
Array 2 put in global memory has 1.6 cold latency
###########################
          Texture  Memory   1D              
###########################
array 2 can only be put in shared memory or global memory
###########################
          Texture  Memory   2D              
###########################
Array 0 put in texture memory has 512 latency
Array 0 put in texture memory has 121.6 cold latency!
Array 1 put in texture memory has 512 latency
Array 1 put in texture memory has 422.4 cold latency!
array 2 can only be put in shared memory or global memory
Array 2 put in texture memory has 99999999 latency
Array 2 put in texture memory has 38.4 cold latency
###########################
          Shared  Memory                 
###########################
Array 0 put in shared memory has 512 latency
Array 0 put in shared memory has 64 cold latency
Array 0 accessed in  shared memory has 1 shared latency
Array 1 put in shared memory has 512 latency
Array 1 put in shared memory has 64 cold latency
Array 1 accessed in  shared memory has 9999999 shared latency
Array 2 put in shared memory has 32 latency
Array 2 put in shared memory has 4 cold latency
Array 2 can not be put in shared memory!
