dimension 2 2 2
sizeof 4 4 4
block_X 256 3840 3840
block_Y 256 256 256
array_size 262144 3932160 3932160
12 0 0 0 0 0 0x503f20000
12 0 0 0 0 16 0x503f20400
12 0 0 0 0 96 0x503f21800
12 0 0 0 0 112 0x503f21c00
12 0 0 0 0 32 0x503f20800
12 0 0 0 0 48 0x503f20c00
12 0 0 0 0 64 0x503f21000
12 0 0 0 0 80 0x503f21400
12 0 0 0 0 192 0x503f23000
12 0 0 0 0 208 0x503f23400
12 0 0 0 0 160 0x503f22800
12 0 0 0 0 176 0x503f22c00
12 0 0 0 0 128 0x503f22000
12 0 0 0 0 144 0x503f22400
12 0 0 0 0 224 0x503f23800
12 0 0 0 0 240 0x503f23c00
25 0 0 0 0 160 0x503f22800
25 0 0 0 0 176 0x503f22c00
25 0 0 0 0 128 0x503f22000
25 0 0 0 0 144 0x503f22400
25 0 0 0 0 64 0x503f21000
25 0 0 0 0 80 0x503f21400
25 0 0 0 0 192 0x503f23000
25 0 0 0 0 208 0x503f23400
25 0 0 0 0 32 0x503f20800
25 0 0 0 0 48 0x503f20c00
25 0 0 0 0 96 0x503f21800
25 0 0 0 0 112 0x503f21c00
25 0 0 0 0 224 0x503f23800
25 0 0 0 0 240 0x503f23c00
25 0 0 0 0 0 0x503f20000
25 0 0 0 0 16 0x503f20400
38 0 0 0 0 224 0x503f23800
38 0 0 0 0 240 0x503f23c00
38 0 0 0 0 128 0x503f22000
38 0 0 0 0 144 0x503f22400
38 0 0 0 0 64 0x503f21000
38 0 0 0 0 80 0x503f21400
38 0 0 0 0 0 0x503f20000
38 0 0 0 0 16 0x503f20400
38 0 0 0 0 96 0x503f21800
38 0 0 0 0 112 0x503f21c00
38 0 0 0 0 160 0x503f22800
38 0 0 0 0 176 0x503f22c00
38 0 0 0 0 192 0x503f23000
38 0 0 0 0 208 0x503f23400
38 0 0 0 0 32 0x503f20800
38 0 0 0 0 48 0x503f20c00
51 0 0 0 0 64 0x503f21000
51 0 0 0 0 80 0x503f21400
51 0 0 0 0 224 0x503f23800
51 0 0 0 0 240 0x503f23c00
51 0 0 0 0 128 0x503f22000
51 0 0 0 0 144 0x503f22400
51 0 0 0 0 160 0x503f22800
51 0 0 0 0 176 0x503f22c00
51 0 0 0 0 192 0x503f23000
51 0 0 0 0 208 0x503f23400
51 0 0 0 0 32 0x503f20800
51 0 0 0 0 48 0x503f20c00
51 0 0 0 0 96 0x503f21800
51 0 0 0 0 112 0x503f21c00
51 0 0 0 0 0 0x503f20000
51 0 0 0 0 16 0x503f20400
12 1 0 0 0 96 0x504036b00
12 1 0 0 0 112 0x50403a700
12 1 0 0 0 192 0x50404d300
12 1 0 0 0 208 0x504050f00
12 1 0 0 0 128 0x50403e300
12 1 0 0 0 144 0x504041f00
12 1 0 0 0 0 0x504020300
12 1 0 0 0 16 0x504023f00
12 1 0 0 0 64 0x50402f300
12 1 0 0 0 80 0x504032f00
12 1 0 0 0 32 0x504027b00
12 1 0 0 0 48 0x50402b700
12 1 0 0 0 224 0x504054b00
12 1 0 0 0 240 0x504058700
12 1 0 0 0 160 0x504045b00
12 1 0 0 0 176 0x504049700
25 1 0 0 0 160 0x504045e40
25 1 0 0 0 176 0x504049a40
25 1 0 0 0 96 0x504036e40
25 1 0 0 0 112 0x50403aa40
25 1 0 0 0 224 0x504054e40
25 1 0 0 0 240 0x504058a40
25 1 0 0 0 32 0x504027e40
25 1 0 0 0 48 0x50402ba40
25 1 0 0 0 128 0x50403e640
25 1 0 0 0 144 0x504042240
25 1 0 0 0 0 0x504020640
25 1 0 0 0 16 0x504024240
25 1 0 0 0 192 0x50404d640
25 1 0 0 0 208 0x504051240
51 1 0 0 0 96 0x5040374c0
51 1 0 0 0 112 0x50403b0c0
51 1 0 0 0 224 0x5040554c0
51 1 0 0 0 240 0x5040590c0
51 1 0 0 0 128 0x50403ecc0
51 1 0 0 0 144 0x5040428c0
51 1 0 0 0 0 0x504020cc0
51 1 0 0 0 16 0x5040248c0
51 1 0 0 0 32 0x5040284c0
51 1 0 0 0 48 0x50402c0c0
51 1 0 0 0 192 0x50404dcc0
51 1 0 0 0 208 0x5040518c0
51 1 0 0 0 64 0x50402fcc0
51 1 0 0 0 80 0x5040338c0
51 1 0 0 0 160 0x5040464c0
51 1 0 0 0 176 0x50404a0c0
25 1 0 0 0 64 0x50402f640
25 1 0 0 0 80 0x504033240
38 1 0 0 0 64 0x50402f980
38 1 0 0 0 80 0x504033580
38 1 0 0 0 192 0x50404d980
38 1 0 0 0 208 0x504051580
38 1 0 0 0 0 0x504020980
38 1 0 0 0 16 0x504024580
38 1 0 0 0 160 0x504046180
38 1 0 0 0 176 0x504049d80
38 1 0 0 0 128 0x50403e980
38 1 0 0 0 144 0x504042580
38 1 0 0 0 32 0x504028180
38 1 0 0 0 48 0x50402bd80
38 1 0 0 0 96 0x504037180
38 1 0 0 0 112 0x50403ad80
38 1 0 0 0 224 0x504055180
38 1 0 0 0 240 0x504058d80
51 0 0 0 1 0 0x503f20040
51 0 0 0 1 16 0x503f20440
51 0 0 0 1 128 0x503f22040
51 0 0 0 1 144 0x503f22440
51 0 0 0 1 64 0x503f21040
51 0 0 0 1 80 0x503f21440
51 0 0 0 1 96 0x503f21840
51 0 0 0 1 112 0x503f21c40
51 0 0 0 1 160 0x503f22840
51 0 0 0 1 176 0x503f22c40
51 0 0 0 1 192 0x503f23040
51 0 0 0 1 208 0x503f23440
51 0 0 0 1 224 0x503f23840
51 0 0 0 1 240 0x503f23c40
51 0 0 0 1 32 0x503f20840
51 0 0 0 1 48 0x503f20c40
12 0 0 0 1 224 0x503f23840
12 0 0 0 1 240 0x503f23c40
12 0 0 0 1 192 0x503f23040
12 0 0 0 1 208 0x503f23440
12 0 0 0 1 64 0x503f21040
12 0 0 0 1 80 0x503f21440
12 0 0 0 1 96 0x503f21840
12 0 0 0 1 112 0x503f21c40
12 0 0 0 1 160 0x503f22840
12 0 0 0 1 176 0x503f22c40
12 0 0 0 1 32 0x503f20840
12 0 0 0 1 48 0x503f20c40
12 0 0 0 1 0 0x503f20040
12 0 0 0 1 16 0x503f20440
12 0 0 0 1 128 0x503f22040
12 0 0 0 1 144 0x503f22440
25 0 0 0 1 64 0x503f21040
25 0 0 0 1 80 0x503f21440
25 0 0 0 1 192 0x503f23040
25 0 0 0 1 208 0x503f23440
25 0 0 0 1 128 0x503f22040
25 0 0 0 1 144 0x503f22440
25 0 0 0 1 0 0x503f20040
25 0 0 0 1 16 0x503f20440
25 0 0 0 1 32 0x503f20840
25 0 0 0 1 48 0x503f20c40
25 0 0 0 1 160 0x503f22840
25 0 0 0 1 176 0x503f22c40
25 0 0 0 1 96 0x503f21840
25 0 0 0 1 112 0x503f21c40
25 0 0 0 1 224 0x503f23840
25 0 0 0 1 240 0x503f23c40
38 0 0 0 1 32 0x503f20840
38 0 0 0 1 48 0x503f20c40
38 0 0 0 1 64 0x503f21040
38 0 0 0 1 80 0x503f21440
38 0 0 0 1 96 0x503f21840
38 0 0 0 1 112 0x503f21c40
38 0 0 0 1 0 0x503f20040
38 0 0 0 1 16 0x503f20440
38 0 0 0 1 224 0x503f23840
38 0 0 0 1 240 0x503f23c40
38 0 0 0 1 128 0x503f22040
38 0 0 0 1 144 0x503f22440
38 0 0 0 1 192 0x503f23040
38 0 0 0 1 208 0x503f23440
38 0 0 0 1 160 0x503f22840
38 0 0 0 1 176 0x503f22c40
51 1 0 0 1 64 0x50406bcc0
51 1 0 0 1 80 0x50406f8c0
38 1 0 0 1 128 0x50407a980
38 1 0 0 1 144 0x50407e580
38 1 0 0 1 0 0x50405c980
38 1 0 0 1 16 0x504060580
51 1 0 0 1 32 0x5040644c0
51 1 0 0 1 48 0x5040680c0
51 1 0 0 1 160 0x5040824c0
51 1 0 0 1 176 0x5040860c0
38 1 0 0 1 32 0x504064180
38 1 0 0 1 48 0x504067d80
51 1 0 0 1 192 0x504089cc0
51 1 0 0 1 208 0x50408d8c0
38 1 0 0 1 160 0x504082180
38 1 0 0 1 176 0x504085d80
51 1 0 0 1 0 0x50405ccc0
51 1 0 0 1 16 0x5040608c0
51 1 0 0 1 128 0x50407acc0
51 1 0 0 1 144 0x50407e8c0
51 1 0 0 1 96 0x5040734c0
51 1 0 0 1 112 0x5040770c0
51 1 0 0 1 224 0x5040914c0
51 1 0 0 1 240 0x5040950c0
12 1 0 0 1 160 0x504081b00
12 1 0 0 1 176 0x504085700
12 1 0 0 1 32 0x504063b00
12 1 0 0 1 48 0x504067700
12 1 0 0 1 128 0x50407a300
12 1 0 0 1 144 0x50407df00
12 1 0 0 1 0 0x50405c300
12 1 0 0 1 16 0x50405ff00
12 1 0 0 1 192 0x504089300
12 1 0 0 1 208 0x50408cf00
38 1 0 0 1 96 0x504073180
38 1 0 0 1 112 0x504076d80
12 1 0 0 1 96 0x504072b00
12 1 0 0 1 112 0x504076700
12 1 0 0 1 224 0x504090b00
12 1 0 0 1 240 0x504094700
38 1 0 0 1 64 0x50406b980
38 1 0 0 1 80 0x50406f580
12 1 0 0 1 64 0x50406b300
12 1 0 0 1 80 0x50406ef00
38 1 0 0 1 224 0x504091180
38 1 0 0 1 240 0x504094d80
38 1 0 0 1 192 0x504089980
38 1 0 0 1 208 0x50408d580
25 1 0 0 1 128 0x50407a640
25 1 0 0 1 144 0x50407e240
25 1 0 0 1 96 0x504072e40
25 1 0 0 1 112 0x504076a40
25 1 0 0 1 0 0x50405c640
25 1 0 0 1 16 0x504060240
25 1 0 0 1 224 0x504090e40
25 1 0 0 1 240 0x504094a40
25 1 0 0 1 64 0x50406b640
25 1 0 0 1 80 0x50406f240
25 1 0 0 1 32 0x504063e40
25 1 0 0 1 48 0x504067a40
25 1 0 0 1 160 0x504081e40
25 1 0 0 1 176 0x504085a40
25 1 0 0 1 192 0x504089640
25 1 0 0 1 208 0x50408d240
38 0 0 0 2 192 0x503f23080
38 0 0 0 2 208 0x503f23480
38 0 0 0 2 64 0x503f21080
38 0 0 0 2 80 0x503f21480
38 0 0 0 2 96 0x503f21880
38 0 0 0 2 112 0x503f21c80
38 0 0 0 2 224 0x503f23880
38 0 0 0 2 240 0x503f23c80
38 0 0 0 2 128 0x503f22080
38 0 0 0 2 144 0x503f22480
38 0 0 0 2 0 0x503f20080
38 0 0 0 2 16 0x503f20480
38 0 0 0 2 160 0x503f22880
38 0 0 0 2 176 0x503f22c80
38 0 0 0 2 32 0x503f20880
38 0 0 0 2 48 0x503f20c80
12 0 0 0 2 32 0x503f20880
12 0 0 0 2 48 0x503f20c80
12 0 0 0 2 160 0x503f22880
12 0 0 0 2 176 0x503f22c80
12 0 0 0 2 0 0x503f20080
12 0 0 0 2 16 0x503f20480
12 0 0 0 2 128 0x503f22080
12 0 0 0 2 144 0x503f22480
12 0 0 0 2 64 0x503f21080
12 0 0 0 2 80 0x503f21480
12 0 0 0 2 224 0x503f23880
12 0 0 0 2 240 0x503f23c80
12 0 0 0 2 96 0x503f21880
12 0 0 0 2 112 0x503f21c80
12 0 0 0 2 192 0x503f23080
12 0 0 0 2 208 0x503f23480
25 0 0 0 2 160 0x503f22880
25 0 0 0 2 176 0x503f22c80
25 0 0 0 2 32 0x503f20880
25 0 0 0 2 48 0x503f20c80
25 0 0 0 2 64 0x503f21080
25 0 0 0 2 80 0x503f21480
25 0 0 0 2 192 0x503f23080
25 0 0 0 2 208 0x503f23480
25 0 0 0 2 96 0x503f21880
25 0 0 0 2 112 0x503f21c80
25 0 0 0 2 128 0x503f22080
25 0 0 0 2 144 0x503f22480
25 0 0 0 2 224 0x503f23880
25 0 0 0 2 240 0x503f23c80
25 0 0 0 2 0 0x503f20080
25 0 0 0 2 16 0x503f20480
51 0 0 0 2 0 0x503f20080
51 0 0 0 2 16 0x503f20480
51 0 0 0 2 32 0x503f20880
51 0 0 0 2 48 0x503f20c80
51 0 0 0 2 160 0x503f22880
51 0 0 0 2 176 0x503f22c80
51 0 0 0 2 192 0x503f23080
51 0 0 0 2 208 0x503f23480
51 0 0 0 2 128 0x503f22080
51 0 0 0 2 144 0x503f22480
51 0 0 0 2 224 0x503f23880
51 0 0 0 2 240 0x503f23c80
51 0 0 0 2 64 0x503f21080
51 0 0 0 2 80 0x503f21480
51 0 0 0 2 96 0x503f21880
51 0 0 0 2 112 0x503f21c80
38 1 0 0 2 64 0x5040a7980
38 1 0 0 2 80 0x5040ab580
38 1 0 0 2 224 0x5040cd180
38 1 0 0 2 240 0x5040d0d80
38 1 0 0 2 96 0x5040af180
38 1 0 0 2 112 0x5040b2d80
38 1 0 0 2 192 0x5040c5980
38 1 0 0 2 208 0x5040c9580
12 1 0 0 2 32 0x50409fb00
12 1 0 0 2 48 0x5040a3700
38 1 0 0 2 128 0x5040b6980
38 1 0 0 2 144 0x5040ba580
12 1 0 0 2 128 0x5040b6300
12 1 0 0 2 144 0x5040b9f00
12 1 0 0 2 64 0x5040a7300
12 1 0 0 2 80 0x5040aaf00
12 1 0 0 2 192 0x5040c5300
12 1 0 0 2 208 0x5040c8f00
12 1 0 0 2 96 0x5040aeb00
12 1 0 0 2 112 0x5040b2700
12 1 0 0 2 0 0x504098300
12 1 0 0 2 16 0x50409bf00
12 1 0 0 2 224 0x5040ccb00
12 1 0 0 2 240 0x5040d0700
12 1 0 0 2 160 0x5040bdb00
12 1 0 0 2 176 0x5040c1700
25 1 0 0 2 160 0x5040bde40
25 1 0 0 2 176 0x5040c1a40
25 1 0 0 2 192 0x5040c5640
25 1 0 0 2 208 0x5040c9240
25 1 0 0 2 64 0x5040a7640
25 1 0 0 2 80 0x5040ab240
25 1 0 0 2 32 0x50409fe40
25 1 0 0 2 48 0x5040a3a40
38 1 0 0 2 0 0x504098980
38 1 0 0 2 16 0x50409c580
38 1 0 0 2 32 0x5040a0180
38 1 0 0 2 48 0x5040a3d80
38 1 0 0 2 160 0x5040be180
38 1 0 0 2 176 0x5040c1d80
51 1 0 0 2 224 0x5040cd4c0
51 1 0 0 2 240 0x5040d10c0
51 1 0 0 2 0 0x504098cc0
51 1 0 0 2 16 0x50409c8c0
25 1 0 0 2 128 0x5040b6640
25 1 0 0 2 144 0x5040ba240
25 1 0 0 2 224 0x5040cce40
25 1 0 0 2 240 0x5040d0a40
25 1 0 0 2 96 0x5040aee40
25 1 0 0 2 112 0x5040b2a40
25 1 0 0 2 0 0x504098640
25 1 0 0 2 16 0x50409c240
51 1 0 0 2 32 0x5040a04c0
51 1 0 0 2 48 0x5040a40c0
51 1 0 0 2 192 0x5040c5cc0
51 1 0 0 2 208 0x5040c98c0
51 1 0 0 2 64 0x5040a7cc0
51 1 0 0 2 80 0x5040ab8c0
51 1 0 0 2 160 0x5040be4c0
51 1 0 0 2 176 0x5040c20c0
51 1 0 0 2 128 0x5040b6cc0
51 1 0 0 2 144 0x5040ba8c0
51 1 0 0 2 96 0x5040af4c0
51 1 0 0 2 112 0x5040b30c0
12 0 0 0 3 32 0x503f208c0
12 0 0 0 3 48 0x503f20cc0
12 0 0 0 3 160 0x503f228c0
12 0 0 0 3 176 0x503f22cc0
12 0 0 0 3 64 0x503f210c0
12 0 0 0 3 80 0x503f214c0
12 0 0 0 3 192 0x503f230c0
12 0 0 0 3 208 0x503f234c0
12 0 0 0 3 128 0x503f220c0
12 0 0 0 3 144 0x503f224c0
12 0 0 0 3 0 0x503f200c0
12 0 0 0 3 16 0x503f204c0
12 0 0 0 3 224 0x503f238c0
12 0 0 0 3 240 0x503f23cc0
12 0 0 0 3 96 0x503f218c0
12 0 0 0 3 112 0x503f21cc0
25 0 0 0 3 32 0x503f208c0
25 0 0 0 3 48 0x503f20cc0
25 0 0 0 3 64 0x503f210c0
25 0 0 0 3 80 0x503f214c0
25 0 0 0 3 160 0x503f228c0
25 0 0 0 3 176 0x503f22cc0
25 0 0 0 3 192 0x503f230c0
25 0 0 0 3 208 0x503f234c0
38 0 0 0 3 224 0x503f238c0
38 0 0 0 3 240 0x503f23cc0
38 0 0 0 3 64 0x503f210c0
38 0 0 0 3 80 0x503f214c0
38 0 0 0 3 96 0x503f218c0
38 0 0 0 3 112 0x503f21cc0
38 0 0 0 3 192 0x503f230c0
38 0 0 0 3 208 0x503f234c0
38 0 0 0 3 0 0x503f200c0
38 0 0 0 3 16 0x503f204c0
38 0 0 0 3 160 0x503f228c0
38 0 0 0 3 176 0x503f22cc0
38 0 0 0 3 32 0x503f208c0
38 0 0 0 3 48 0x503f20cc0
38 0 0 0 3 128 0x503f220c0
38 0 0 0 3 144 0x503f224c0
25 0 0 0 3 0 0x503f200c0
25 0 0 0 3 16 0x503f204c0
25 0 0 0 3 96 0x503f218c0
25 0 0 0 3 112 0x503f21cc0
25 0 0 0 3 128 0x503f220c0
25 0 0 0 3 144 0x503f224c0
25 0 0 0 3 224 0x503f238c0
25 0 0 0 3 240 0x503f23cc0
51 0 0 0 3 160 0x503f228c0
51 0 0 0 3 176 0x503f22cc0
51 0 0 0 3 64 0x503f210c0
51 0 0 0 3 80 0x503f214c0
51 0 0 0 3 192 0x503f230c0
51 0 0 0 3 208 0x503f234c0
51 0 0 0 3 32 0x503f208c0
51 0 0 0 3 48 0x503f20cc0
51 0 0 0 3 224 0x503f238c0
51 0 0 0 3 240 0x503f23cc0
51 0 0 0 3 96 0x503f218c0
51 0 0 0 3 112 0x503f21cc0
51 0 0 0 3 128 0x503f220c0
51 0 0 0 3 144 0x503f224c0
51 0 0 0 3 0 0x503f200c0
51 0 0 0 3 16 0x503f204c0
12 1 0 0 3 32 0x5040dbb00
12 1 0 0 3 48 0x5040df700
12 1 0 0 3 160 0x5040f9b00
12 1 0 0 3 176 0x5040fd700
12 1 0 0 3 128 0x5040f2300
12 1 0 0 3 144 0x5040f5f00
12 1 0 0 3 64 0x5040e3300
12 1 0 0 3 80 0x5040e6f00
12 1 0 0 3 96 0x5040eab00
12 1 0 0 3 112 0x5040ee700
12 1 0 0 3 192 0x504101300
12 1 0 0 3 208 0x504104f00
12 1 0 0 3 224 0x504108b00
12 1 0 0 3 240 0x50410c700
12 1 0 0 3 0 0x5040d4300
12 1 0 0 3 16 0x5040d7f00
25 1 0 0 3 128 0x5040f2640
25 1 0 0 3 144 0x5040f6240
25 1 0 0 3 96 0x5040eae40
25 1 0 0 3 112 0x5040eea40
25 1 0 0 3 224 0x504108e40
25 1 0 0 3 240 0x50410ca40
25 1 0 0 3 160 0x5040f9e40
25 1 0 0 3 176 0x5040fda40
25 1 0 0 3 32 0x5040dbe40
25 1 0 0 3 48 0x5040dfa40
25 1 0 0 3 192 0x504101640
25 1 0 0 3 208 0x504105240
25 1 0 0 3 64 0x5040e3640
25 1 0 0 3 80 0x5040e7240
25 1 0 0 3 0 0x5040d4640
25 1 0 0 3 16 0x5040d8240
38 1 0 0 3 192 0x504101980
38 1 0 0 3 208 0x504105580
38 1 0 0 3 96 0x5040eb180
38 1 0 0 3 112 0x5040eed80
38 1 0 0 3 160 0x5040fa180
38 1 0 0 3 176 0x5040fdd80
38 1 0 0 3 32 0x5040dc180
38 1 0 0 3 48 0x5040dfd80
38 1 0 0 3 224 0x504109180
38 1 0 0 3 240 0x50410cd80
38 1 0 0 3 64 0x5040e3980
38 1 0 0 3 80 0x5040e7580
38 1 0 0 3 0 0x5040d4980
38 1 0 0 3 16 0x5040d8580
38 1 0 0 3 128 0x5040f2980
38 1 0 0 3 144 0x5040f6580
51 1 0 0 3 32 0x5040dc4c0
51 1 0 0 3 48 0x5040e00c0
51 1 0 0 3 192 0x504101cc0
51 1 0 0 3 208 0x5041058c0
51 1 0 0 3 160 0x5040fa4c0
51 1 0 0 3 176 0x5040fe0c0
51 1 0 0 3 64 0x5040e3cc0
51 1 0 0 3 80 0x5040e78c0
51 1 0 0 3 96 0x5040eb4c0
51 1 0 0 3 112 0x5040ef0c0
51 1 0 0 3 128 0x5040f2cc0
51 1 0 0 3 144 0x5040f68c0
51 1 0 0 3 224 0x5041094c0
51 1 0 0 3 240 0x50410d0c0
51 1 0 0 3 0 0x5040d4cc0
51 1 0 0 3 16 0x5040d88c0
12 0 0 0 4 0 0x503f20100
12 0 0 0 4 16 0x503f20500
12 0 0 0 4 32 0x503f20900
12 0 0 0 4 48 0x503f20d00
12 0 0 0 4 128 0x503f22100
12 0 0 0 4 144 0x503f22500
12 0 0 0 4 160 0x503f22900
12 0 0 0 4 176 0x503f22d00
12 0 0 0 4 96 0x503f21900
12 0 0 0 4 112 0x503f21d00
12 0 0 0 4 224 0x503f23900
12 0 0 0 4 240 0x503f23d00
12 0 0 0 4 192 0x503f23100
12 0 0 0 4 208 0x503f23500
12 0 0 0 4 64 0x503f21100
12 0 0 0 4 80 0x503f21500
25 0 0 0 4 0 0x503f20100
25 0 0 0 4 16 0x503f20500
25 0 0 0 4 96 0x503f21900
25 0 0 0 4 112 0x503f21d00
25 0 0 0 4 128 0x503f22100
25 0 0 0 4 144 0x503f22500
25 0 0 0 4 224 0x503f23900
25 0 0 0 4 240 0x503f23d00
25 0 0 0 4 160 0x503f22900
25 0 0 0 4 176 0x503f22d00
25 0 0 0 4 192 0x503f23100
25 0 0 0 4 208 0x503f23500
25 0 0 0 4 64 0x503f21100
25 0 0 0 4 80 0x503f21500
25 0 0 0 4 32 0x503f20900
25 0 0 0 4 48 0x503f20d00
38 0 0 0 4 224 0x503f23900
38 0 0 0 4 240 0x503f23d00
38 0 0 0 4 192 0x503f23100
38 0 0 0 4 208 0x503f23500
38 0 0 0 4 64 0x503f21100
38 0 0 0 4 80 0x503f21500
38 0 0 0 4 96 0x503f21900
38 0 0 0 4 112 0x503f21d00
38 0 0 0 4 128 0x503f22100
38 0 0 0 4 144 0x503f22500
38 0 0 0 4 32 0x503f20900
38 0 0 0 4 48 0x503f20d00
38 0 0 0 4 0 0x503f20100
38 0 0 0 4 16 0x503f20500
38 0 0 0 4 160 0x503f22900
38 0 0 0 4 176 0x503f22d00
51 0 0 0 4 64 0x503f21100
51 0 0 0 4 80 0x503f21500
51 0 0 0 4 160 0x503f22900
51 0 0 0 4 176 0x503f22d00
51 0 0 0 4 192 0x503f23100
51 0 0 0 4 208 0x503f23500
51 0 0 0 4 32 0x503f20900
51 0 0 0 4 48 0x503f20d00
51 0 0 0 4 96 0x503f21900
51 0 0 0 4 112 0x503f21d00
51 0 0 0 4 224 0x503f23900
51 0 0 0 4 240 0x503f23d00
51 0 0 0 4 128 0x503f22100
51 0 0 0 4 144 0x503f22500
51 0 0 0 4 0 0x503f20100
51 0 0 0 4 16 0x503f20500
12 1 0 0 4 160 0x504135b00
12 1 0 0 4 176 0x504139700
12 1 0 0 4 64 0x50411f300
12 1 0 0 4 80 0x504122f00
12 1 0 0 4 0 0x504110300
12 1 0 0 4 16 0x504113f00
12 1 0 0 4 128 0x50412e300
12 1 0 0 4 144 0x504131f00
12 1 0 0 4 32 0x504117b00
12 1 0 0 4 48 0x50411b700
12 1 0 0 4 224 0x504144b00
12 1 0 0 4 240 0x504148700
12 1 0 0 4 96 0x504126b00
12 1 0 0 4 112 0x50412a700
12 1 0 0 4 192 0x50413d300
12 1 0 0 4 208 0x504140f00
25 1 0 0 4 224 0x504144e40
25 1 0 0 4 240 0x504148a40
25 1 0 0 4 128 0x50412e640
25 1 0 0 4 144 0x504132240
25 1 0 0 4 96 0x504126e40
25 1 0 0 4 112 0x50412aa40
25 1 0 0 4 160 0x504135e40
25 1 0 0 4 176 0x504139a40
25 1 0 0 4 32 0x504117e40
25 1 0 0 4 48 0x50411ba40
25 1 0 0 4 64 0x50411f640
25 1 0 0 4 80 0x504123240
25 1 0 0 4 192 0x50413d640
25 1 0 0 4 208 0x504141240
38 1 0 0 4 192 0x50413d980
38 1 0 0 4 208 0x504141580
38 1 0 0 4 64 0x50411f980
38 1 0 0 4 80 0x504123580
25 1 0 0 4 0 0x504110640
25 1 0 0 4 16 0x504114240
38 1 0 0 4 96 0x504127180
38 1 0 0 4 112 0x50412ad80
38 1 0 0 4 32 0x504118180
38 1 0 0 4 48 0x50411bd80
38 1 0 0 4 224 0x504145180
38 1 0 0 4 240 0x504148d80
38 1 0 0 4 128 0x50412e980
38 1 0 0 4 144 0x504132580
51 1 0 0 4 160 0x5041364c0
51 1 0 0 4 176 0x50413a0c0
38 1 0 0 4 160 0x504136180
38 1 0 0 4 176 0x504139d80
38 1 0 0 4 0 0x504110980
38 1 0 0 4 16 0x504114580
51 1 0 0 4 192 0x50413dcc0
51 1 0 0 4 208 0x5041418c0
51 1 0 0 4 0 0x504110cc0
51 1 0 0 4 16 0x5041148c0
51 1 0 0 4 96 0x5041274c0
51 1 0 0 4 112 0x50412b0c0
51 1 0 0 4 32 0x5041184c0
51 1 0 0 4 48 0x50411c0c0
51 1 0 0 4 64 0x50411fcc0
51 1 0 0 4 80 0x5041238c0
51 1 0 0 4 224 0x5041454c0
51 1 0 0 4 240 0x5041490c0
51 1 0 0 4 128 0x50412ecc0
51 1 0 0 4 144 0x5041328c0
12 0 0 0 5 32 0x503f20940
12 0 0 0 5 48 0x503f20d40
12 0 0 0 5 160 0x503f22940
12 0 0 0 5 176 0x503f22d40
12 0 0 0 5 128 0x503f22140
12 0 0 0 5 144 0x503f22540
12 0 0 0 5 0 0x503f20140
12 0 0 0 5 16 0x503f20540
12 0 0 0 5 96 0x503f21940
12 0 0 0 5 112 0x503f21d40
12 0 0 0 5 192 0x503f23140
12 0 0 0 5 208 0x503f23540
12 0 0 0 5 224 0x503f23940
12 0 0 0 5 240 0x503f23d40
12 0 0 0 5 64 0x503f21140
12 0 0 0 5 80 0x503f21540
25 0 0 0 5 128 0x503f22140
25 0 0 0 5 144 0x503f22540
25 0 0 0 5 224 0x503f23940
25 0 0 0 5 240 0x503f23d40
25 0 0 0 5 0 0x503f20140
25 0 0 0 5 16 0x503f20540
25 0 0 0 5 96 0x503f21940
25 0 0 0 5 112 0x503f21d40
25 0 0 0 5 32 0x503f20940
25 0 0 0 5 48 0x503f20d40
25 0 0 0 5 64 0x503f21140
25 0 0 0 5 80 0x503f21540
25 0 0 0 5 192 0x503f23140
25 0 0 0 5 208 0x503f23540
25 0 0 0 5 160 0x503f22940
25 0 0 0 5 176 0x503f22d40
38 0 0 0 5 160 0x503f22940
38 0 0 0 5 176 0x503f22d40
38 0 0 0 5 0 0x503f20140
38 0 0 0 5 16 0x503f20540
38 0 0 0 5 192 0x503f23140
38 0 0 0 5 208 0x503f23540
38 0 0 0 5 128 0x503f22140
38 0 0 0 5 144 0x503f22540
38 0 0 0 5 64 0x503f21140
38 0 0 0 5 80 0x503f21540
38 0 0 0 5 96 0x503f21940
38 0 0 0 5 112 0x503f21d40
38 0 0 0 5 224 0x503f23940
38 0 0 0 5 240 0x503f23d40
38 0 0 0 5 32 0x503f20940
38 0 0 0 5 48 0x503f20d40
51 0 0 0 5 128 0x503f22140
51 0 0 0 5 144 0x503f22540
51 0 0 0 5 0 0x503f20140
51 0 0 0 5 16 0x503f20540
51 0 0 0 5 96 0x503f21940
51 0 0 0 5 112 0x503f21d40
51 0 0 0 5 224 0x503f23940
51 0 0 0 5 240 0x503f23d40
51 0 0 0 5 160 0x503f22940
51 0 0 0 5 176 0x503f22d40
51 0 0 0 5 64 0x503f21140
51 0 0 0 5 80 0x503f21540
51 0 0 0 5 32 0x503f20940
51 0 0 0 5 48 0x503f20d40
51 0 0 0 5 192 0x503f23140
51 0 0 0 5 208 0x503f23540
12 1 0 0 5 224 0x504180b00
12 1 0 0 5 240 0x504184700
12 1 0 0 5 64 0x50415b300
12 1 0 0 5 80 0x50415ef00
12 1 0 0 5 96 0x504162b00
12 1 0 0 5 112 0x504166700
12 1 0 0 5 192 0x504179300
12 1 0 0 5 208 0x50417cf00
12 1 0 0 5 128 0x50416a300
12 1 0 0 5 144 0x50416df00
12 1 0 0 5 0 0x50414c300
12 1 0 0 5 16 0x50414ff00
12 1 0 0 5 32 0x504153b00
12 1 0 0 5 48 0x504157700
12 1 0 0 5 160 0x504171b00
12 1 0 0 5 176 0x504175700
25 1 0 0 5 96 0x504162e40
25 1 0 0 5 112 0x504166a40
25 1 0 0 5 224 0x504180e40
25 1 0 0 5 240 0x504184a40
25 1 0 0 5 128 0x50416a640
25 1 0 0 5 144 0x50416e240
25 1 0 0 5 0 0x50414c640
25 1 0 0 5 16 0x504150240
25 1 0 0 5 32 0x504153e40
25 1 0 0 5 48 0x504157a40
25 1 0 0 5 160 0x504171e40
25 1 0 0 5 176 0x504175a40
25 1 0 0 5 64 0x50415b640
25 1 0 0 5 80 0x50415f240
38 1 0 0 5 128 0x50416a980
38 1 0 0 5 144 0x50416e580
38 1 0 0 5 160 0x504172180
38 1 0 0 5 176 0x504175d80
38 1 0 0 5 0 0x50414c980
38 1 0 0 5 16 0x504150580
38 1 0 0 5 192 0x504179980
38 1 0 0 5 208 0x50417d580
38 1 0 0 5 96 0x504163180
38 1 0 0 5 112 0x504166d80
25 1 0 0 5 192 0x504179640
25 1 0 0 5 208 0x50417d240
38 1 0 0 5 224 0x504181180
38 1 0 0 5 240 0x504184d80
38 1 0 0 5 64 0x50415b980
38 1 0 0 5 80 0x50415f580
51 1 0 0 5 128 0x50416acc0
51 1 0 0 5 144 0x50416e8c0
51 1 0 0 5 64 0x50415bcc0
51 1 0 0 5 80 0x50415f8c0
51 1 0 0 5 0 0x50414ccc0
51 1 0 0 5 16 0x5041508c0
51 1 0 0 5 224 0x5041814c0
51 1 0 0 5 240 0x5041850c0
51 1 0 0 5 96 0x5041634c0
51 1 0 0 5 112 0x5041670c0
51 1 0 0 5 160 0x5041724c0
51 1 0 0 5 176 0x5041760c0
51 1 0 0 5 32 0x5041544c0
51 1 0 0 5 48 0x5041580c0
51 1 0 0 5 192 0x504179cc0
51 1 0 0 5 208 0x50417d8c0
38 1 0 0 5 32 0x504154180
38 1 0 0 5 48 0x504157d80
12 0 0 0 6 0 0x503f20180
12 0 0 0 6 16 0x503f20580
12 0 0 0 6 128 0x503f22180
12 0 0 0 6 144 0x503f22580
12 0 0 0 6 32 0x503f20980
12 0 0 0 6 48 0x503f20d80
12 0 0 0 6 64 0x503f21180
12 0 0 0 6 80 0x503f21580
12 0 0 0 6 160 0x503f22980
12 0 0 0 6 176 0x503f22d80
12 0 0 0 6 96 0x503f21980
12 0 0 0 6 112 0x503f21d80
12 0 0 0 6 224 0x503f23980
12 0 0 0 6 240 0x503f23d80
12 0 0 0 6 192 0x503f23180
12 0 0 0 6 208 0x503f23580
25 0 0 0 6 64 0x503f21180
25 0 0 0 6 80 0x503f21580
25 0 0 0 6 128 0x503f22180
25 0 0 0 6 144 0x503f22580
25 0 0 0 6 32 0x503f20980
25 0 0 0 6 48 0x503f20d80
25 0 0 0 6 0 0x503f20180
25 0 0 0 6 16 0x503f20580
25 0 0 0 6 192 0x503f23180
25 0 0 0 6 208 0x503f23580
25 0 0 0 6 96 0x503f21980
25 0 0 0 6 112 0x503f21d80
25 0 0 0 6 160 0x503f22980
25 0 0 0 6 176 0x503f22d80
25 0 0 0 6 224 0x503f23980
25 0 0 0 6 240 0x503f23d80
38 0 0 0 6 160 0x503f22980
38 0 0 0 6 176 0x503f22d80
38 0 0 0 6 32 0x503f20980
38 0 0 0 6 48 0x503f20d80
38 0 0 0 6 0 0x503f20180
38 0 0 0 6 16 0x503f20580
38 0 0 0 6 128 0x503f22180
38 0 0 0 6 144 0x503f22580
51 0 0 0 6 192 0x503f23180
51 0 0 0 6 208 0x503f23580
51 0 0 0 6 160 0x503f22980
51 0 0 0 6 176 0x503f22d80
51 0 0 0 6 224 0x503f23980
51 0 0 0 6 240 0x503f23d80
51 0 0 0 6 64 0x503f21180
51 0 0 0 6 80 0x503f21580
51 0 0 0 6 32 0x503f20980
51 0 0 0 6 48 0x503f20d80
51 0 0 0 6 0 0x503f20180
51 0 0 0 6 16 0x503f20580
51 0 0 0 6 128 0x503f22180
51 0 0 0 6 144 0x503f22580
51 0 0 0 6 96 0x503f21980
51 0 0 0 6 112 0x503f21d80
38 0 0 0 6 64 0x503f21180
38 0 0 0 6 80 0x503f21580
38 0 0 0 6 96 0x503f21980
38 0 0 0 6 112 0x503f21d80
38 0 0 0 6 224 0x503f23980
38 0 0 0 6 240 0x503f23d80
38 0 0 0 6 192 0x503f23180
38 0 0 0 6 208 0x503f23580
12 1 0 0 6 64 0x504197300
12 1 0 0 6 80 0x50419af00
12 1 0 0 6 32 0x50418fb00
12 1 0 0 6 48 0x504193700
12 1 0 0 6 0 0x504188300
12 1 0 0 6 16 0x50418bf00
12 1 0 0 6 96 0x50419eb00
12 1 0 0 6 112 0x5041a2700
12 1 0 0 6 160 0x5041adb00
12 1 0 0 6 176 0x5041b1700
12 1 0 0 6 192 0x5041b5300
12 1 0 0 6 208 0x5041b8f00
12 1 0 0 6 128 0x5041a6300
12 1 0 0 6 144 0x5041a9f00
12 1 0 0 6 224 0x5041bcb00
12 1 0 0 6 240 0x5041c0700
25 1 0 0 6 32 0x50418fe40
25 1 0 0 6 48 0x504193a40
25 1 0 0 6 160 0x5041ade40
25 1 0 0 6 176 0x5041b1a40
25 1 0 0 6 64 0x504197640
25 1 0 0 6 80 0x50419b240
25 1 0 0 6 192 0x5041b5640
25 1 0 0 6 208 0x5041b9240
25 1 0 0 6 0 0x504188640
25 1 0 0 6 16 0x50418c240
25 1 0 0 6 96 0x50419ee40
25 1 0 0 6 112 0x5041a2a40
25 1 0 0 6 128 0x5041a6640
25 1 0 0 6 144 0x5041aa240
25 1 0 0 6 224 0x5041bce40
25 1 0 0 6 240 0x5041c0a40
38 1 0 0 6 96 0x50419f180
38 1 0 0 6 112 0x5041a2d80
38 1 0 0 6 192 0x5041b5980
38 1 0 0 6 208 0x5041b9580
38 1 0 0 6 64 0x504197980
38 1 0 0 6 80 0x50419b580
38 1 0 0 6 160 0x5041ae180
38 1 0 0 6 176 0x5041b1d80
38 1 0 0 6 128 0x5041a6980
38 1 0 0 6 144 0x5041aa580
38 1 0 0 6 32 0x504190180
38 1 0 0 6 48 0x504193d80
51 1 0 0 6 160 0x5041ae4c0
51 1 0 0 6 176 0x5041b20c0
38 1 0 0 6 0 0x504188980
38 1 0 0 6 16 0x50418c580
51 1 0 0 6 32 0x5041904c0
51 1 0 0 6 48 0x5041940c0
51 1 0 0 6 224 0x5041bd4c0
51 1 0 0 6 240 0x5041c10c0
51 1 0 0 6 64 0x504197cc0
51 1 0 0 6 80 0x50419b8c0
51 1 0 0 6 0 0x504188cc0
51 1 0 0 6 16 0x50418c8c0
38 1 0 0 6 224 0x5041bd180
38 1 0 0 6 240 0x5041c0d80
51 1 0 0 6 192 0x5041b5cc0
51 1 0 0 6 208 0x5041b98c0
51 1 0 0 6 128 0x5041a6cc0
51 1 0 0 6 144 0x5041aa8c0
51 1 0 0 6 96 0x50419f4c0
51 1 0 0 6 112 0x5041a30c0
12 0 0 0 7 128 0x503f221c0
12 0 0 0 7 144 0x503f225c0
12 0 0 0 7 32 0x503f209c0
12 0 0 0 7 48 0x503f20dc0
12 0 0 0 7 160 0x503f229c0
12 0 0 0 7 176 0x503f22dc0
12 0 0 0 7 0 0x503f201c0
12 0 0 0 7 16 0x503f205c0
12 0 0 0 7 192 0x503f231c0
12 0 0 0 7 208 0x503f235c0
12 0 0 0 7 224 0x503f239c0
12 0 0 0 7 240 0x503f23dc0
12 0 0 0 7 96 0x503f219c0
12 0 0 0 7 112 0x503f21dc0
12 0 0 0 7 64 0x503f211c0
12 0 0 0 7 80 0x503f215c0
25 0 0 0 7 0 0x503f201c0
25 0 0 0 7 16 0x503f205c0
25 0 0 0 7 224 0x503f239c0
25 0 0 0 7 240 0x503f23dc0
25 0 0 0 7 96 0x503f219c0
25 0 0 0 7 112 0x503f21dc0
25 0 0 0 7 128 0x503f221c0
25 0 0 0 7 144 0x503f225c0
25 0 0 0 7 32 0x503f209c0
25 0 0 0 7 48 0x503f20dc0
25 0 0 0 7 160 0x503f229c0
25 0 0 0 7 176 0x503f22dc0
25 0 0 0 7 64 0x503f211c0
25 0 0 0 7 80 0x503f215c0
25 0 0 0 7 192 0x503f231c0
25 0 0 0 7 208 0x503f235c0
51 0 0 0 7 32 0x503f209c0
51 0 0 0 7 48 0x503f20dc0
51 0 0 0 7 160 0x503f229c0
51 0 0 0 7 176 0x503f22dc0
51 0 0 0 7 64 0x503f211c0
51 0 0 0 7 80 0x503f215c0
51 0 0 0 7 192 0x503f231c0
51 0 0 0 7 208 0x503f235c0
51 0 0 0 7 0 0x503f201c0
51 0 0 0 7 16 0x503f205c0
51 0 0 0 7 128 0x503f221c0
51 0 0 0 7 144 0x503f225c0
51 0 0 0 7 224 0x503f239c0
51 0 0 0 7 240 0x503f23dc0
51 0 0 0 7 96 0x503f219c0
51 0 0 0 7 112 0x503f21dc0
38 0 0 0 7 0 0x503f201c0
38 0 0 0 7 16 0x503f205c0
38 0 0 0 7 192 0x503f231c0
38 0 0 0 7 208 0x503f235c0
38 0 0 0 7 224 0x503f239c0
38 0 0 0 7 240 0x503f23dc0
38 0 0 0 7 96 0x503f219c0
38 0 0 0 7 112 0x503f21dc0
38 0 0 0 7 160 0x503f229c0
38 0 0 0 7 176 0x503f22dc0
38 0 0 0 7 32 0x503f209c0
38 0 0 0 7 48 0x503f20dc0
38 0 0 0 7 64 0x503f211c0
38 0 0 0 7 80 0x503f215c0
38 0 0 0 7 128 0x503f221c0
38 0 0 0 7 144 0x503f225c0
12 1 0 0 7 224 0x5041f8b00
12 1 0 0 7 240 0x5041fc700
12 1 0 0 7 128 0x5041e2300
12 1 0 0 7 144 0x5041e5f00
12 1 0 0 7 192 0x5041f1300
12 1 0 0 7 208 0x5041f4f00
12 1 0 0 7 32 0x5041cbb00
12 1 0 0 7 48 0x5041cf700
12 1 0 0 7 96 0x5041dab00
12 1 0 0 7 112 0x5041de700
12 1 0 0 7 64 0x5041d3300
12 1 0 0 7 80 0x5041d6f00
12 1 0 0 7 0 0x5041c4300
12 1 0 0 7 16 0x5041c7f00
12 1 0 0 7 160 0x5041e9b00
12 1 0 0 7 176 0x5041ed700
25 1 0 0 7 0 0x5041c4640
25 1 0 0 7 16 0x5041c8240
25 1 0 0 7 128 0x5041e2640
25 1 0 0 7 144 0x5041e6240
25 1 0 0 7 224 0x5041f8e40
25 1 0 0 7 240 0x5041fca40
25 1 0 0 7 96 0x5041dae40
25 1 0 0 7 112 0x5041dea40
25 1 0 0 7 64 0x5041d3640
25 1 0 0 7 80 0x5041d7240
25 1 0 0 7 160 0x5041e9e40
25 1 0 0 7 176 0x5041eda40
25 1 0 0 7 32 0x5041cbe40
25 1 0 0 7 48 0x5041cfa40
25 1 0 0 7 192 0x5041f1640
25 1 0 0 7 208 0x5041f5240
51 1 0 0 7 160 0x5041ea4c0
51 1 0 0 7 176 0x5041ee0c0
51 1 0 0 7 0 0x5041c4cc0
51 1 0 0 7 16 0x5041c88c0
51 1 0 0 7 64 0x5041d3cc0
51 1 0 0 7 80 0x5041d78c0
51 1 0 0 7 32 0x5041cc4c0
51 1 0 0 7 48 0x5041d00c0
51 1 0 0 7 224 0x5041f94c0
51 1 0 0 7 240 0x5041fd0c0
51 1 0 0 7 128 0x5041e2cc0
51 1 0 0 7 144 0x5041e68c0
51 1 0 0 7 96 0x5041db4c0
51 1 0 0 7 112 0x5041df0c0
51 1 0 0 7 192 0x5041f1cc0
51 1 0 0 7 208 0x5041f58c0
38 1 0 0 7 192 0x5041f1980
38 1 0 0 7 208 0x5041f5580
38 1 0 0 7 64 0x5041d3980
38 1 0 0 7 80 0x5041d7580
38 1 0 0 7 224 0x5041f9180
38 1 0 0 7 240 0x5041fcd80
38 1 0 0 7 96 0x5041db180
38 1 0 0 7 112 0x5041ded80
38 1 0 0 7 32 0x5041cc180
38 1 0 0 7 48 0x5041cfd80
38 1 0 0 7 160 0x5041ea180
38 1 0 0 7 176 0x5041edd80
38 1 0 0 7 0 0x5041c4980
38 1 0 0 7 16 0x5041c8580
38 1 0 0 7 128 0x5041e2980
38 1 0 0 7 144 0x5041e6580
12 0 0 0 8 128 0x503f22200
12 0 0 0 8 144 0x503f22600
12 0 0 0 8 32 0x503f20a00
12 0 0 0 8 48 0x503f20e00
12 0 0 0 8 160 0x503f22a00
12 0 0 0 8 176 0x503f22e00
12 0 0 0 8 0 0x503f20200
12 0 0 0 8 16 0x503f20600
12 0 0 0 8 192 0x503f23200
12 0 0 0 8 208 0x503f23600
12 0 0 0 8 64 0x503f21200
12 0 0 0 8 80 0x503f21600
12 0 0 0 8 224 0x503f23a00
12 0 0 0 8 240 0x503f23e00
12 0 0 0 8 96 0x503f21a00
12 0 0 0 8 112 0x503f21e00
25 0 0 0 8 0 0x503f20200
25 0 0 0 8 16 0x503f20600
25 0 0 0 8 224 0x503f23a00
25 0 0 0 8 240 0x503f23e00
25 0 0 0 8 128 0x503f22200
25 0 0 0 8 144 0x503f22600
25 0 0 0 8 96 0x503f21a00
25 0 0 0 8 112 0x503f21e00
25 0 0 0 8 160 0x503f22a00
25 0 0 0 8 176 0x503f22e00
25 0 0 0 8 32 0x503f20a00
25 0 0 0 8 48 0x503f20e00
25 0 0 0 8 192 0x503f23200
25 0 0 0 8 208 0x503f23600
25 0 0 0 8 64 0x503f21200
25 0 0 0 8 80 0x503f21600
51 0 0 0 8 128 0x503f22200
51 0 0 0 8 144 0x503f22600
51 0 0 0 8 160 0x503f22a00
51 0 0 0 8 176 0x503f22e00
51 0 0 0 8 32 0x503f20a00
51 0 0 0 8 48 0x503f20e00
51 0 0 0 8 0 0x503f20200
51 0 0 0 8 16 0x503f20600
51 0 0 0 8 224 0x503f23a00
51 0 0 0 8 240 0x503f23e00
51 0 0 0 8 192 0x503f23200
51 0 0 0 8 208 0x503f23600
51 0 0 0 8 64 0x503f21200
51 0 0 0 8 80 0x503f21600
51 0 0 0 8 96 0x503f21a00
51 0 0 0 8 112 0x503f21e00
38 0 0 0 8 32 0x503f20a00
38 0 0 0 8 48 0x503f20e00
38 0 0 0 8 128 0x503f22200
38 0 0 0 8 144 0x503f22600
38 0 0 0 8 0 0x503f20200
38 0 0 0 8 16 0x503f20600
38 0 0 0 8 160 0x503f22a00
38 0 0 0 8 176 0x503f22e00
38 0 0 0 8 192 0x503f23200
38 0 0 0 8 208 0x503f23600
38 0 0 0 8 224 0x503f23a00
38 0 0 0 8 240 0x503f23e00
38 0 0 0 8 64 0x503f21200
38 0 0 0 8 80 0x503f21600
38 0 0 0 8 96 0x503f21a00
38 0 0 0 8 112 0x503f21e00
12 1 0 0 8 64 0x50420f300
12 1 0 0 8 80 0x504212f00
12 1 0 0 8 192 0x50422d300
12 1 0 0 8 208 0x504230f00
12 1 0 0 8 128 0x50421e300
12 1 0 0 8 144 0x504221f00
12 1 0 0 8 224 0x504234b00
12 1 0 0 8 240 0x504238700
12 1 0 0 8 0 0x504200300
12 1 0 0 8 16 0x504203f00
12 1 0 0 8 32 0x504207b00
12 1 0 0 8 48 0x50420b700
12 1 0 0 8 96 0x504216b00
12 1 0 0 8 112 0x50421a700
12 1 0 0 8 160 0x504225b00
12 1 0 0 8 176 0x504229700
25 1 0 0 8 96 0x504216e40
25 1 0 0 8 112 0x50421aa40
25 1 0 0 8 32 0x504207e40
25 1 0 0 8 48 0x50420ba40
25 1 0 0 8 224 0x504234e40
25 1 0 0 8 240 0x504238a40
25 1 0 0 8 64 0x50420f640
25 1 0 0 8 80 0x504213240
25 1 0 0 8 128 0x50421e640
25 1 0 0 8 144 0x504222240
25 1 0 0 8 0 0x504200640
25 1 0 0 8 16 0x504204240
25 1 0 0 8 160 0x504225e40
25 1 0 0 8 176 0x504229a40
25 1 0 0 8 192 0x50422d640
25 1 0 0 8 208 0x504231240
51 1 0 0 8 32 0x5042084c0
51 1 0 0 8 48 0x50420c0c0
51 1 0 0 8 96 0x5042174c0
51 1 0 0 8 112 0x50421b0c0
51 1 0 0 8 0 0x504200cc0
51 1 0 0 8 16 0x5042048c0
51 1 0 0 8 128 0x50421ecc0
51 1 0 0 8 144 0x5042228c0
51 1 0 0 8 192 0x50422dcc0
51 1 0 0 8 208 0x5042318c0
51 1 0 0 8 64 0x50420fcc0
51 1 0 0 8 80 0x5042138c0
51 1 0 0 8 160 0x5042264c0
51 1 0 0 8 176 0x50422a0c0
51 1 0 0 8 224 0x5042354c0
51 1 0 0 8 240 0x5042390c0
38 1 0 0 8 32 0x504208180
38 1 0 0 8 48 0x50420bd80
38 1 0 0 8 128 0x50421e980
38 1 0 0 8 144 0x504222580
38 1 0 0 8 64 0x50420f980
38 1 0 0 8 80 0x504213580
38 1 0 0 8 96 0x504217180
38 1 0 0 8 112 0x50421ad80
38 1 0 0 8 192 0x50422d980
38 1 0 0 8 208 0x504231580
38 1 0 0 8 224 0x504235180
38 1 0 0 8 240 0x504238d80
38 1 0 0 8 0 0x504200980
38 1 0 0 8 16 0x504204580
38 1 0 0 8 160 0x504226180
38 1 0 0 8 176 0x504229d80
12 0 0 0 9 96 0x503f21a40
12 0 0 0 9 112 0x503f21e40
12 0 0 0 9 192 0x503f23240
12 0 0 0 9 208 0x503f23640
12 0 0 0 9 224 0x503f23a40
12 0 0 0 9 240 0x503f23e40
12 0 0 0 9 64 0x503f21240
12 0 0 0 9 80 0x503f21640
12 0 0 0 9 0 0x503f20240
12 0 0 0 9 16 0x503f20640
12 0 0 0 9 32 0x503f20a40
12 0 0 0 9 48 0x503f20e40
12 0 0 0 9 160 0x503f22a40
12 0 0 0 9 176 0x503f22e40
12 0 0 0 9 128 0x503f22240
12 0 0 0 9 144 0x503f22640
25 0 0 0 9 160 0x503f22a40
25 0 0 0 9 176 0x503f22e40
25 0 0 0 9 128 0x503f22240
25 0 0 0 9 144 0x503f22640
25 0 0 0 9 224 0x503f23a40
25 0 0 0 9 240 0x503f23e40
25 0 0 0 9 0 0x503f20240
25 0 0 0 9 16 0x503f20640
25 0 0 0 9 96 0x503f21a40
25 0 0 0 9 112 0x503f21e40
25 0 0 0 9 64 0x503f21240
25 0 0 0 9 80 0x503f21640
25 0 0 0 9 32 0x503f20a40
25 0 0 0 9 48 0x503f20e40
25 0 0 0 9 192 0x503f23240
25 0 0 0 9 208 0x503f23640
51 0 0 0 9 0 0x503f20240
51 0 0 0 9 16 0x503f20640
51 0 0 0 9 64 0x503f21240
51 0 0 0 9 80 0x503f21640
51 0 0 0 9 128 0x503f22240
51 0 0 0 9 144 0x503f22640
51 0 0 0 9 32 0x503f20a40
51 0 0 0 9 48 0x503f20e40
51 0 0 0 9 192 0x503f23240
51 0 0 0 9 208 0x503f23640
51 0 0 0 9 160 0x503f22a40
51 0 0 0 9 176 0x503f22e40
51 0 0 0 9 224 0x503f23a40
51 0 0 0 9 240 0x503f23e40
51 0 0 0 9 96 0x503f21a40
51 0 0 0 9 112 0x503f21e40
12 1 0 0 9 128 0x50425a300
12 1 0 0 9 144 0x50425df00
12 1 0 0 9 32 0x504243b00
12 1 0 0 9 48 0x504247700
12 1 0 0 9 0 0x50423c300
12 1 0 0 9 16 0x50423ff00
38 0 0 0 9 96 0x503f21a40
38 0 0 0 9 112 0x503f21e40
12 1 0 0 9 96 0x504252b00
12 1 0 0 9 112 0x504256700
12 1 0 0 9 192 0x504269300
12 1 0 0 9 208 0x50426cf00
38 0 0 0 9 224 0x503f23a40
38 0 0 0 9 240 0x503f23e40
12 1 0 0 9 64 0x50424b300
12 1 0 0 9 80 0x50424ef00
12 1 0 0 9 224 0x504270b00
12 1 0 0 9 240 0x504274700
38 0 0 0 9 192 0x503f23240
38 0 0 0 9 208 0x503f23640
38 0 0 0 9 64 0x503f21240
38 0 0 0 9 80 0x503f21640
38 0 0 0 9 160 0x503f22a40
38 0 0 0 9 176 0x503f22e40
38 0 0 0 9 0 0x503f20240
38 0 0 0 9 16 0x503f20640
12 1 0 0 9 160 0x504261b00
12 1 0 0 9 176 0x504265700
38 0 0 0 9 32 0x503f20a40
38 0 0 0 9 48 0x503f20e40
38 0 0 0 9 128 0x503f22240
38 0 0 0 9 144 0x503f22640
25 1 0 0 9 128 0x50425a640
25 1 0 0 9 144 0x50425e240
25 1 0 0 9 192 0x504269640
25 1 0 0 9 208 0x50426d240
25 1 0 0 9 0 0x50423c640
25 1 0 0 9 16 0x504240240
25 1 0 0 9 96 0x504252e40
25 1 0 0 9 112 0x504256a40
25 1 0 0 9 32 0x504243e40
25 1 0 0 9 48 0x504247a40
25 1 0 0 9 64 0x50424b640
25 1 0 0 9 80 0x50424f240
25 1 0 0 9 224 0x504270e40
25 1 0 0 9 240 0x504274a40
25 1 0 0 9 160 0x504261e40
25 1 0 0 9 176 0x504265a40
51 1 0 0 9 64 0x50424bcc0
51 1 0 0 9 80 0x50424f8c0
51 1 0 0 9 192 0x504269cc0
51 1 0 0 9 208 0x50426d8c0
51 1 0 0 9 160 0x5042624c0
51 1 0 0 9 176 0x5042660c0
51 1 0 0 9 32 0x5042444c0
51 1 0 0 9 48 0x5042480c0
51 1 0 0 9 128 0x50425acc0
51 1 0 0 9 144 0x50425e8c0
51 1 0 0 9 96 0x5042534c0
51 1 0 0 9 112 0x5042570c0
51 1 0 0 9 0 0x50423ccc0
51 1 0 0 9 16 0x5042408c0
51 1 0 0 9 224 0x5042714c0
51 1 0 0 9 240 0x5042750c0
38 1 0 0 9 128 0x50425a980
38 1 0 0 9 144 0x50425e580
38 1 0 0 9 32 0x504244180
38 1 0 0 9 48 0x504247d80
38 1 0 0 9 192 0x504269980
38 1 0 0 9 208 0x50426d580
38 1 0 0 9 160 0x504262180
38 1 0 0 9 176 0x504265d80
38 1 0 0 9 96 0x504253180
38 1 0 0 9 112 0x504256d80
38 1 0 0 9 224 0x504271180
38 1 0 0 9 240 0x504274d80
12 0 0 0 10 0 0x503f20280
12 0 0 0 10 16 0x503f20680
12 0 0 0 10 224 0x503f23a80
12 0 0 0 10 240 0x503f23e80
12 0 0 0 10 128 0x503f22280
12 0 0 0 10 144 0x503f22680
12 0 0 0 10 192 0x503f23280
12 0 0 0 10 208 0x503f23680
12 0 0 0 10 96 0x503f21a80
12 0 0 0 10 112 0x503f21e80
12 0 0 0 10 64 0x503f21280
12 0 0 0 10 80 0x503f21680
38 1 0 0 9 64 0x50424b980
38 1 0 0 9 80 0x50424f580
12 0 0 0 10 160 0x503f22a80
12 0 0 0 10 176 0x503f22e80
38 1 0 0 9 0 0x50423c980
38 1 0 0 9 16 0x504240580
12 0 0 0 10 32 0x503f20a80
12 0 0 0 10 48 0x503f20e80
25 0 0 0 10 192 0x503f23280
25 0 0 0 10 208 0x503f23680
25 0 0 0 10 64 0x503f21280
25 0 0 0 10 80 0x503f21680
25 0 0 0 10 32 0x503f20a80
25 0 0 0 10 48 0x503f20e80
25 0 0 0 10 96 0x503f21a80
25 0 0 0 10 112 0x503f21e80
25 0 0 0 10 160 0x503f22a80
25 0 0 0 10 176 0x503f22e80
25 0 0 0 10 128 0x503f22280
25 0 0 0 10 144 0x503f22680
25 0 0 0 10 0 0x503f20280
25 0 0 0 10 16 0x503f20680
25 0 0 0 10 224 0x503f23a80
25 0 0 0 10 240 0x503f23e80
51 0 0 0 10 160 0x503f22a80
51 0 0 0 10 176 0x503f22e80
51 0 0 0 10 64 0x503f21280
51 0 0 0 10 80 0x503f21680
51 0 0 0 10 192 0x503f23280
51 0 0 0 10 208 0x503f23680
51 0 0 0 10 32 0x503f20a80
51 0 0 0 10 48 0x503f20e80
51 0 0 0 10 224 0x503f23a80
51 0 0 0 10 240 0x503f23e80
51 0 0 0 10 96 0x503f21a80
51 0 0 0 10 112 0x503f21e80
51 0 0 0 10 128 0x503f22280
51 0 0 0 10 144 0x503f22680
51 0 0 0 10 0 0x503f20280
51 0 0 0 10 16 0x503f20680
12 1 0 0 10 0 0x504278300
12 1 0 0 10 16 0x50427bf00
12 1 0 0 10 128 0x504296300
12 1 0 0 10 144 0x504299f00
12 1 0 0 10 192 0x5042a5300
12 1 0 0 10 208 0x5042a8f00
12 1 0 0 10 64 0x504287300
12 1 0 0 10 80 0x50428af00
12 1 0 0 10 224 0x5042acb00
12 1 0 0 10 240 0x5042b0700
12 1 0 0 10 32 0x50427fb00
12 1 0 0 10 48 0x504283700
12 1 0 0 10 96 0x50428eb00
12 1 0 0 10 112 0x504292700
38 0 0 0 10 128 0x503f22280
38 0 0 0 10 144 0x503f22680
38 0 0 0 10 32 0x503f20a80
38 0 0 0 10 48 0x503f20e80
38 0 0 0 10 0 0x503f20280
38 0 0 0 10 16 0x503f20680
38 0 0 0 10 160 0x503f22a80
38 0 0 0 10 176 0x503f22e80
38 0 0 0 10 64 0x503f21280
38 0 0 0 10 80 0x503f21680
38 0 0 0 10 192 0x503f23280
38 0 0 0 10 208 0x503f23680
12 1 0 0 10 160 0x50429db00
12 1 0 0 10 176 0x5042a1700
38 0 0 0 10 224 0x503f23a80
38 0 0 0 10 240 0x503f23e80
38 0 0 0 10 96 0x503f21a80
38 0 0 0 10 112 0x503f21e80
25 1 0 0 10 64 0x504287640
25 1 0 0 10 80 0x50428b240
25 1 0 0 10 96 0x50428ee40
25 1 0 0 10 112 0x504292a40
25 1 0 0 10 128 0x504296640
25 1 0 0 10 144 0x50429a240
25 1 0 0 10 0 0x504278640
25 1 0 0 10 16 0x50427c240
25 1 0 0 10 160 0x50429de40
25 1 0 0 10 176 0x5042a1a40
25 1 0 0 10 192 0x5042a5640
25 1 0 0 10 208 0x5042a9240
25 1 0 0 10 32 0x50427fe40
25 1 0 0 10 48 0x504283a40
25 1 0 0 10 224 0x5042ace40
25 1 0 0 10 240 0x5042b0a40
51 1 0 0 10 64 0x504287cc0
51 1 0 0 10 80 0x50428b8c0
51 1 0 0 10 128 0x504296cc0
51 1 0 0 10 144 0x50429a8c0
51 1 0 0 10 160 0x50429e4c0
51 1 0 0 10 176 0x5042a20c0
51 1 0 0 10 192 0x5042a5cc0
51 1 0 0 10 208 0x5042a98c0
51 1 0 0 10 224 0x5042ad4c0
51 1 0 0 10 240 0x5042b10c0
51 1 0 0 10 0 0x504278cc0
51 1 0 0 10 16 0x50427c8c0
51 1 0 0 10 32 0x5042804c0
51 1 0 0 10 48 0x5042840c0
51 1 0 0 10 96 0x50428f4c0
51 1 0 0 10 112 0x5042930c0
38 1 0 0 10 0 0x504278980
38 1 0 0 10 16 0x50427c580
38 1 0 0 10 128 0x504296980
38 1 0 0 10 144 0x50429a580
38 1 0 0 10 32 0x504280180
38 1 0 0 10 48 0x504283d80
38 1 0 0 10 192 0x5042a5980
38 1 0 0 10 208 0x5042a9580
38 1 0 0 10 64 0x504287980
38 1 0 0 10 80 0x50428b580
38 1 0 0 10 224 0x5042ad180
38 1 0 0 10 240 0x5042b0d80
38 1 0 0 10 160 0x50429e180
38 1 0 0 10 176 0x5042a1d80
38 1 0 0 10 96 0x50428f180
38 1 0 0 10 112 0x504292d80
12 0 0 0 11 192 0x503f232c0
12 0 0 0 11 208 0x503f236c0
12 0 0 0 11 64 0x503f212c0
12 0 0 0 11 80 0x503f216c0
12 0 0 0 11 160 0x503f22ac0
12 0 0 0 11 176 0x503f22ec0
12 0 0 0 11 224 0x503f23ac0
12 0 0 0 11 240 0x503f23ec0
12 0 0 0 11 128 0x503f222c0
12 0 0 0 11 144 0x503f226c0
12 0 0 0 11 32 0x503f20ac0
12 0 0 0 11 48 0x503f20ec0
12 0 0 0 11 0 0x503f202c0
12 0 0 0 11 16 0x503f206c0
12 0 0 0 11 96 0x503f21ac0
12 0 0 0 11 112 0x503f21ec0
25 0 0 0 11 224 0x503f23ac0
25 0 0 0 11 240 0x503f23ec0
25 0 0 0 11 128 0x503f222c0
25 0 0 0 11 144 0x503f226c0
25 0 0 0 11 0 0x503f202c0
25 0 0 0 11 16 0x503f206c0
25 0 0 0 11 192 0x503f232c0
25 0 0 0 11 208 0x503f236c0
25 0 0 0 11 64 0x503f212c0
25 0 0 0 11 80 0x503f216c0
25 0 0 0 11 160 0x503f22ac0
25 0 0 0 11 176 0x503f22ec0
25 0 0 0 11 96 0x503f21ac0
25 0 0 0 11 112 0x503f21ec0
25 0 0 0 11 32 0x503f20ac0
25 0 0 0 11 48 0x503f20ec0
51 0 0 0 11 224 0x503f23ac0
51 0 0 0 11 240 0x503f23ec0
51 0 0 0 11 96 0x503f21ac0
51 0 0 0 11 112 0x503f21ec0
51 0 0 0 11 128 0x503f222c0
51 0 0 0 11 144 0x503f226c0
51 0 0 0 11 0 0x503f202c0
51 0 0 0 11 16 0x503f206c0
51 0 0 0 11 160 0x503f22ac0
51 0 0 0 11 176 0x503f22ec0
51 0 0 0 11 192 0x503f232c0
51 0 0 0 11 208 0x503f236c0
51 0 0 0 11 32 0x503f20ac0
51 0 0 0 11 48 0x503f20ec0
51 0 0 0 11 64 0x503f212c0
51 0 0 0 11 80 0x503f216c0
38 0 0 0 11 192 0x503f232c0
38 0 0 0 11 208 0x503f236c0
38 0 0 0 11 160 0x503f22ac0
38 0 0 0 11 176 0x503f22ec0
12 1 0 0 11 224 0x5042e8b00
12 1 0 0 11 240 0x5042ec700
38 0 0 0 11 32 0x503f20ac0
38 0 0 0 11 48 0x503f20ec0
38 0 0 0 11 64 0x503f212c0
38 0 0 0 11 80 0x503f216c0
12 1 0 0 11 160 0x5042d9b00
12 1 0 0 11 176 0x5042dd700
38 0 0 0 11 224 0x503f23ac0
38 0 0 0 11 240 0x503f23ec0
38 0 0 0 11 96 0x503f21ac0
38 0 0 0 11 112 0x503f21ec0
12 1 0 0 11 128 0x5042d2300
12 1 0 0 11 144 0x5042d5f00
12 1 0 0 11 0 0x5042b4300
12 1 0 0 11 16 0x5042b7f00
38 0 0 0 11 128 0x503f222c0
38 0 0 0 11 144 0x503f226c0
12 1 0 0 11 32 0x5042bbb00
12 1 0 0 11 48 0x5042bf700
38 0 0 0 11 0 0x503f202c0
38 0 0 0 11 16 0x503f206c0
12 1 0 0 11 96 0x5042cab00
12 1 0 0 11 112 0x5042ce700
12 1 0 0 11 192 0x5042e1300
12 1 0 0 11 208 0x5042e4f00
12 1 0 0 11 64 0x5042c3300
12 1 0 0 11 80 0x5042c6f00
25 1 0 0 11 192 0x5042e1640
25 1 0 0 11 208 0x5042e5240
25 1 0 0 11 96 0x5042cae40
25 1 0 0 11 112 0x5042cea40
25 1 0 0 11 32 0x5042bbe40
25 1 0 0 11 48 0x5042bfa40
25 1 0 0 11 64 0x5042c3640
25 1 0 0 11 80 0x5042c7240
25 1 0 0 11 224 0x5042e8e40
25 1 0 0 11 240 0x5042eca40
25 1 0 0 11 160 0x5042d9e40
25 1 0 0 11 176 0x5042dda40
25 1 0 0 11 128 0x5042d2640
25 1 0 0 11 144 0x5042d6240
25 1 0 0 11 0 0x5042b4640
25 1 0 0 11 16 0x5042b8240
51 1 0 0 11 160 0x5042da4c0
51 1 0 0 11 176 0x5042de0c0
51 1 0 0 11 32 0x5042bc4c0
51 1 0 0 11 48 0x5042c00c0
51 1 0 0 11 192 0x5042e1cc0
51 1 0 0 11 208 0x5042e58c0
51 1 0 0 11 0 0x5042b4cc0
51 1 0 0 11 16 0x5042b88c0
51 1 0 0 11 128 0x5042d2cc0
51 1 0 0 11 144 0x5042d68c0
51 1 0 0 11 96 0x5042cb4c0
51 1 0 0 11 112 0x5042cf0c0
51 1 0 0 11 224 0x5042e94c0
51 1 0 0 11 240 0x5042ed0c0
51 1 0 0 11 64 0x5042c3cc0
51 1 0 0 11 80 0x5042c78c0
38 1 0 0 11 224 0x5042e9180
38 1 0 0 11 240 0x5042ecd80
38 1 0 0 11 192 0x5042e1980
38 1 0 0 11 208 0x5042e5580
38 1 0 0 11 96 0x5042cb180
38 1 0 0 11 112 0x5042ced80
38 1 0 0 11 160 0x5042da180
38 1 0 0 11 176 0x5042ddd80
38 1 0 0 11 32 0x5042bc180
38 1 0 0 11 48 0x5042bfd80
12 0 0 0 12 224 0x503f23b00
12 0 0 0 12 240 0x503f23f00
12 0 0 0 12 192 0x503f23300
12 0 0 0 12 208 0x503f23700
12 0 0 0 12 96 0x503f21b00
12 0 0 0 12 112 0x503f21f00
12 0 0 0 12 64 0x503f21300
12 0 0 0 12 80 0x503f21700
12 0 0 0 12 0 0x503f20300
12 0 0 0 12 16 0x503f20700
12 0 0 0 12 128 0x503f22300
12 0 0 0 12 144 0x503f22700
12 0 0 0 12 160 0x503f22b00
12 0 0 0 12 176 0x503f22f00
12 0 0 0 12 32 0x503f20b00
12 0 0 0 12 48 0x503f20f00
38 1 0 0 11 64 0x5042c3980
38 1 0 0 11 80 0x5042c7580
38 1 0 0 11 128 0x5042d2980
38 1 0 0 11 144 0x5042d6580
38 1 0 0 11 0 0x5042b4980
38 1 0 0 11 16 0x5042b8580
25 0 0 0 12 160 0x503f22b00
25 0 0 0 12 176 0x503f22f00
25 0 0 0 12 64 0x503f21300
25 0 0 0 12 80 0x503f21700
25 0 0 0 12 192 0x503f23300
25 0 0 0 12 208 0x503f23700
25 0 0 0 12 32 0x503f20b00
25 0 0 0 12 48 0x503f20f00
25 0 0 0 12 224 0x503f23b00
25 0 0 0 12 240 0x503f23f00
25 0 0 0 12 96 0x503f21b00
25 0 0 0 12 112 0x503f21f00
25 0 0 0 12 0 0x503f20300
25 0 0 0 12 16 0x503f20700
25 0 0 0 12 128 0x503f22300
25 0 0 0 12 144 0x503f22700
51 0 0 0 12 32 0x503f20b00
51 0 0 0 12 48 0x503f20f00
51 0 0 0 12 64 0x503f21300
51 0 0 0 12 80 0x503f21700
51 0 0 0 12 128 0x503f22300
51 0 0 0 12 144 0x503f22700
51 0 0 0 12 96 0x503f21b00
51 0 0 0 12 112 0x503f21f00
51 0 0 0 12 192 0x503f23300
51 0 0 0 12 208 0x503f23700
51 0 0 0 12 160 0x503f22b00
51 0 0 0 12 176 0x503f22f00
51 0 0 0 12 0 0x503f20300
51 0 0 0 12 16 0x503f20700
51 0 0 0 12 224 0x503f23b00
51 0 0 0 12 240 0x503f23f00
12 1 0 0 12 96 0x504306b00
12 1 0 0 12 112 0x50430a700
12 1 0 0 12 0 0x5042f0300
12 1 0 0 12 16 0x5042f3f00
12 1 0 0 12 128 0x50430e300
12 1 0 0 12 144 0x504311f00
12 1 0 0 12 224 0x504324b00
12 1 0 0 12 240 0x504328700
12 1 0 0 12 64 0x5042ff300
12 1 0 0 12 80 0x504302f00
12 1 0 0 12 192 0x50431d300
12 1 0 0 12 208 0x504320f00
12 1 0 0 12 32 0x5042f7b00
12 1 0 0 12 48 0x5042fb700
12 1 0 0 12 160 0x504315b00
12 1 0 0 12 176 0x504319700
38 0 0 0 12 224 0x503f23b00
38 0 0 0 12 240 0x503f23f00
38 0 0 0 12 96 0x503f21b00
38 0 0 0 12 112 0x503f21f00
38 0 0 0 12 32 0x503f20b00
38 0 0 0 12 48 0x503f20f00
38 0 0 0 12 128 0x503f22300
38 0 0 0 12 144 0x503f22700
38 0 0 0 12 192 0x503f23300
38 0 0 0 12 208 0x503f23700
38 0 0 0 12 160 0x503f22b00
38 0 0 0 12 176 0x503f22f00
38 0 0 0 12 64 0x503f21300
38 0 0 0 12 80 0x503f21700
38 0 0 0 12 0 0x503f20300
38 0 0 0 12 16 0x503f20700
25 1 0 0 12 96 0x504306e40
25 1 0 0 12 112 0x50430aa40
25 1 0 0 12 224 0x504324e40
25 1 0 0 12 240 0x504328a40
25 1 0 0 12 64 0x5042ff640
25 1 0 0 12 80 0x504303240
25 1 0 0 12 160 0x504315e40
25 1 0 0 12 176 0x504319a40
25 1 0 0 12 192 0x50431d640
25 1 0 0 12 208 0x504321240
25 1 0 0 12 128 0x50430e640
25 1 0 0 12 144 0x504312240
25 1 0 0 12 32 0x5042f7e40
25 1 0 0 12 48 0x5042fba40
25 1 0 0 12 0 0x5042f0640
25 1 0 0 12 16 0x5042f4240
51 1 0 0 12 160 0x5043164c0
51 1 0 0 12 176 0x50431a0c0
51 1 0 0 12 64 0x5042ffcc0
51 1 0 0 12 80 0x5043038c0
51 1 0 0 12 192 0x50431dcc0
51 1 0 0 12 208 0x5043218c0
51 1 0 0 12 32 0x5042f84c0
51 1 0 0 12 48 0x5042fc0c0
51 1 0 0 12 0 0x5042f0cc0
51 1 0 0 12 16 0x5042f48c0
51 1 0 0 12 128 0x50430ecc0
51 1 0 0 12 144 0x5043128c0
51 1 0 0 12 96 0x5043074c0
51 1 0 0 12 112 0x50430b0c0
51 1 0 0 12 224 0x5043254c0
51 1 0 0 12 240 0x5043290c0
12 0 0 0 13 224 0x503f23b40
12 0 0 0 13 240 0x503f23f40
12 0 0 0 13 64 0x503f21340
12 0 0 0 13 80 0x503f21740
12 0 0 0 13 96 0x503f21b40
12 0 0 0 13 112 0x503f21f40
12 0 0 0 13 32 0x503f20b40
12 0 0 0 13 48 0x503f20f40
12 0 0 0 13 160 0x503f22b40
12 0 0 0 13 176 0x503f22f40
12 0 0 0 13 192 0x503f23340
12 0 0 0 13 208 0x503f23740
12 0 0 0 13 0 0x503f20340
12 0 0 0 13 16 0x503f20740
12 0 0 0 13 128 0x503f22340
12 0 0 0 13 144 0x503f22740
38 1 0 0 12 192 0x50431d980
38 1 0 0 12 208 0x504321580
38 1 0 0 12 128 0x50430e980
38 1 0 0 12 144 0x504312580
38 1 0 0 12 64 0x5042ff980
38 1 0 0 12 80 0x504303580
38 1 0 0 12 160 0x504316180
38 1 0 0 12 176 0x504319d80
38 1 0 0 12 0 0x5042f0980
38 1 0 0 12 16 0x5042f4580
38 1 0 0 12 32 0x5042f8180
38 1 0 0 12 48 0x5042fbd80
38 1 0 0 12 224 0x504325180
38 1 0 0 12 240 0x504328d80
38 1 0 0 12 96 0x504307180
38 1 0 0 12 112 0x50430ad80
25 0 0 0 13 224 0x503f23b40
25 0 0 0 13 240 0x503f23f40
25 0 0 0 13 0 0x503f20340
25 0 0 0 13 16 0x503f20740
25 0 0 0 13 96 0x503f21b40
25 0 0 0 13 112 0x503f21f40
25 0 0 0 13 128 0x503f22340
25 0 0 0 13 144 0x503f22740
25 0 0 0 13 192 0x503f23340
25 0 0 0 13 208 0x503f23740
25 0 0 0 13 160 0x503f22b40
25 0 0 0 13 176 0x503f22f40
25 0 0 0 13 32 0x503f20b40
25 0 0 0 13 48 0x503f20f40
25 0 0 0 13 64 0x503f21340
25 0 0 0 13 80 0x503f21740
51 0 0 0 13 160 0x503f22b40
51 0 0 0 13 176 0x503f22f40
51 0 0 0 13 32 0x503f20b40
51 0 0 0 13 48 0x503f20f40
51 0 0 0 13 64 0x503f21340
51 0 0 0 13 80 0x503f21740
51 0 0 0 13 192 0x503f23340
51 0 0 0 13 208 0x503f23740
51 0 0 0 13 128 0x503f22340
51 0 0 0 13 144 0x503f22740
51 0 0 0 13 96 0x503f21b40
51 0 0 0 13 112 0x503f21f40
51 0 0 0 13 0 0x503f20340
51 0 0 0 13 16 0x503f20740
51 0 0 0 13 224 0x503f23b40
51 0 0 0 13 240 0x503f23f40
12 1 0 0 13 32 0x504333b00
12 1 0 0 13 48 0x504337700
12 1 0 0 13 0 0x50432c300
12 1 0 0 13 16 0x50432ff00
12 1 0 0 13 160 0x504351b00
12 1 0 0 13 176 0x504355700
12 1 0 0 13 128 0x50434a300
12 1 0 0 13 144 0x50434df00
12 1 0 0 13 192 0x504359300
12 1 0 0 13 208 0x50435cf00
12 1 0 0 13 64 0x50433b300
12 1 0 0 13 80 0x50433ef00
12 1 0 0 13 224 0x504360b00
12 1 0 0 13 240 0x504364700
12 1 0 0 13 96 0x504342b00
12 1 0 0 13 112 0x504346700
38 0 0 0 13 32 0x503f20b40
38 0 0 0 13 48 0x503f20f40
38 0 0 0 13 128 0x503f22340
38 0 0 0 13 144 0x503f22740
38 0 0 0 13 0 0x503f20340
38 0 0 0 13 16 0x503f20740
38 0 0 0 13 160 0x503f22b40
38 0 0 0 13 176 0x503f22f40
38 0 0 0 13 96 0x503f21b40
38 0 0 0 13 112 0x503f21f40
38 0 0 0 13 224 0x503f23b40
38 0 0 0 13 240 0x503f23f40
38 0 0 0 13 64 0x503f21340
38 0 0 0 13 80 0x503f21740
38 0 0 0 13 192 0x503f23340
38 0 0 0 13 208 0x503f23740
25 1 0 0 13 96 0x504342e40
25 1 0 0 13 112 0x504346a40
25 1 0 0 13 128 0x50434a640
25 1 0 0 13 144 0x50434e240
25 1 0 0 13 224 0x504360e40
25 1 0 0 13 240 0x504364a40
51 1 0 0 13 224 0x5043614c0
51 1 0 0 13 240 0x5043650c0
25 1 0 0 13 0 0x50432c640
25 1 0 0 13 16 0x504330240
51 1 0 0 13 128 0x50434acc0
51 1 0 0 13 144 0x50434e8c0
51 1 0 0 13 96 0x5043434c0
51 1 0 0 13 112 0x5043470c0
25 1 0 0 13 32 0x504333e40
25 1 0 0 13 48 0x504337a40
25 1 0 0 13 192 0x504359640
25 1 0 0 13 208 0x50435d240
25 1 0 0 13 160 0x504351e40
25 1 0 0 13 176 0x504355a40
25 1 0 0 13 64 0x50433b640
25 1 0 0 13 80 0x50433f240
51 1 0 0 13 0 0x50432ccc0
51 1 0 0 13 16 0x5043308c0
51 1 0 0 13 192 0x504359cc0
51 1 0 0 13 208 0x50435d8c0
51 1 0 0 13 32 0x5043344c0
51 1 0 0 13 48 0x5043380c0
51 1 0 0 13 64 0x50433bcc0
51 1 0 0 13 80 0x50433f8c0
51 1 0 0 13 160 0x5043524c0
51 1 0 0 13 176 0x5043560c0
38 1 0 0 13 128 0x50434a980
38 1 0 0 13 144 0x50434e580
38 1 0 0 13 160 0x504352180
38 1 0 0 13 176 0x504355d80
38 1 0 0 13 32 0x504334180
38 1 0 0 13 48 0x504337d80
38 1 0 0 13 0 0x50432c980
38 1 0 0 13 16 0x504330580
12 0 0 0 14 128 0x503f22380
12 0 0 0 14 144 0x503f22780
38 1 0 0 13 192 0x504359980
38 1 0 0 13 208 0x50435d580
12 0 0 0 14 0 0x503f20380
12 0 0 0 14 16 0x503f20780
12 0 0 0 14 160 0x503f22b80
12 0 0 0 14 176 0x503f22f80
12 0 0 0 14 224 0x503f23b80
12 0 0 0 14 240 0x503f23f80
12 0 0 0 14 32 0x503f20b80
12 0 0 0 14 48 0x503f20f80
12 0 0 0 14 96 0x503f21b80
12 0 0 0 14 112 0x503f21f80
38 1 0 0 13 224 0x504361180
38 1 0 0 13 240 0x504364d80
12 0 0 0 14 64 0x503f21380
12 0 0 0 14 80 0x503f21780
12 0 0 0 14 192 0x503f23380
12 0 0 0 14 208 0x503f23780
38 1 0 0 13 64 0x50433b980
38 1 0 0 13 80 0x50433f580
38 1 0 0 13 96 0x504343180
38 1 0 0 13 112 0x504346d80
51 0 0 0 14 0 0x503f20380
51 0 0 0 14 16 0x503f20780
51 0 0 0 14 96 0x503f21b80
51 0 0 0 14 112 0x503f21f80
51 0 0 0 14 224 0x503f23b80
51 0 0 0 14 240 0x503f23f80
51 0 0 0 14 128 0x503f22380
51 0 0 0 14 144 0x503f22780
25 0 0 0 14 0 0x503f20380
25 0 0 0 14 16 0x503f20780
25 0 0 0 14 96 0x503f21b80
25 0 0 0 14 112 0x503f21f80
25 0 0 0 14 224 0x503f23b80
25 0 0 0 14 240 0x503f23f80
25 0 0 0 14 128 0x503f22380
25 0 0 0 14 144 0x503f22780
25 0 0 0 14 32 0x503f20b80
25 0 0 0 14 48 0x503f20f80
25 0 0 0 14 160 0x503f22b80
25 0 0 0 14 176 0x503f22f80
25 0 0 0 14 192 0x503f23380
25 0 0 0 14 208 0x503f23780
25 0 0 0 14 64 0x503f21380
25 0 0 0 14 80 0x503f21780
51 0 0 0 14 160 0x503f22b80
51 0 0 0 14 176 0x503f22f80
51 0 0 0 14 64 0x503f21380
51 0 0 0 14 80 0x503f21780
51 0 0 0 14 32 0x503f20b80
51 0 0 0 14 48 0x503f20f80
51 0 0 0 14 192 0x503f23380
51 0 0 0 14 208 0x503f23780
12 1 0 0 14 96 0x50437eb00
12 1 0 0 14 112 0x504382700
12 1 0 0 14 160 0x50438db00
12 1 0 0 14 176 0x504391700
12 1 0 0 14 224 0x50439cb00
12 1 0 0 14 240 0x5043a0700
12 1 0 0 14 128 0x504386300
12 1 0 0 14 144 0x504389f00
12 1 0 0 14 32 0x50436fb00
12 1 0 0 14 48 0x504373700
12 1 0 0 14 0 0x504368300
12 1 0 0 14 16 0x50436bf00
12 1 0 0 14 64 0x504377300
12 1 0 0 14 80 0x50437af00
12 1 0 0 14 192 0x504395300
12 1 0 0 14 208 0x504398f00
38 0 0 0 14 0 0x503f20380
38 0 0 0 14 16 0x503f20780
38 0 0 0 14 96 0x503f21b80
38 0 0 0 14 112 0x503f21f80
38 0 0 0 14 64 0x503f21380
38 0 0 0 14 80 0x503f21780
38 0 0 0 14 224 0x503f23b80
38 0 0 0 14 240 0x503f23f80
38 0 0 0 14 128 0x503f22380
38 0 0 0 14 144 0x503f22780
38 0 0 0 14 160 0x503f22b80
38 0 0 0 14 176 0x503f22f80
38 0 0 0 14 192 0x503f23380
38 0 0 0 14 208 0x503f23780
38 0 0 0 14 32 0x503f20b80
38 0 0 0 14 48 0x503f20f80
51 1 0 0 14 192 0x504395cc0
51 1 0 0 14 208 0x5043998c0
51 1 0 0 14 160 0x50438e4c0
51 1 0 0 14 176 0x5043920c0
51 1 0 0 14 32 0x5043704c0
51 1 0 0 14 48 0x5043740c0
51 1 0 0 14 0 0x504368cc0
51 1 0 0 14 16 0x50436c8c0
51 1 0 0 14 128 0x504386cc0
51 1 0 0 14 144 0x50438a8c0
51 1 0 0 14 224 0x50439d4c0
51 1 0 0 14 240 0x5043a10c0
51 1 0 0 14 96 0x50437f4c0
51 1 0 0 14 112 0x5043830c0
51 1 0 0 14 64 0x504377cc0
51 1 0 0 14 80 0x50437b8c0
25 1 0 0 14 224 0x50439ce40
25 1 0 0 14 240 0x5043a0a40
25 1 0 0 14 96 0x50437ee40
25 1 0 0 14 112 0x504382a40
25 1 0 0 14 128 0x504386640
25 1 0 0 14 144 0x50438a240
25 1 0 0 14 0 0x504368640
25 1 0 0 14 16 0x50436c240
25 1 0 0 14 64 0x504377640
25 1 0 0 14 80 0x50437b240
25 1 0 0 14 32 0x50436fe40
25 1 0 0 14 48 0x504373a40
25 1 0 0 14 160 0x50438de40
25 1 0 0 14 176 0x504391a40
25 1 0 0 14 192 0x504395640
25 1 0 0 14 208 0x504399240
12 0 0 0 15 96 0x503f21bc0
12 0 0 0 15 112 0x503f21fc0
12 0 0 0 15 64 0x503f213c0
12 0 0 0 15 80 0x503f217c0
12 0 0 0 15 224 0x503f23bc0
12 0 0 0 15 240 0x503f23fc0
12 0 0 0 15 192 0x503f233c0
12 0 0 0 15 208 0x503f237c0
12 0 0 0 15 128 0x503f223c0
12 0 0 0 15 144 0x503f227c0
12 0 0 0 15 32 0x503f20bc0
12 0 0 0 15 48 0x503f20fc0
12 0 0 0 15 160 0x503f22bc0
12 0 0 0 15 176 0x503f22fc0
12 0 0 0 15 0 0x503f203c0
12 0 0 0 15 16 0x503f207c0
38 1 0 0 14 64 0x504377980
38 1 0 0 14 80 0x50437b580
38 1 0 0 14 192 0x504395980
38 1 0 0 14 208 0x504399580
38 1 0 0 14 0 0x504368980
38 1 0 0 14 16 0x50436c580
38 1 0 0 14 96 0x50437f180
38 1 0 0 14 112 0x504382d80
38 1 0 0 14 128 0x504386980
38 1 0 0 14 144 0x50438a580
38 1 0 0 14 160 0x50438e180
38 1 0 0 14 176 0x504391d80
38 1 0 0 14 32 0x504370180
38 1 0 0 14 48 0x504373d80
38 1 0 0 14 224 0x50439d180
38 1 0 0 14 240 0x5043a0d80
51 0 0 0 15 192 0x503f233c0
51 0 0 0 15 208 0x503f237c0
51 0 0 0 15 64 0x503f213c0
51 0 0 0 15 80 0x503f217c0
51 0 0 0 15 32 0x503f20bc0
51 0 0 0 15 48 0x503f20fc0
51 0 0 0 15 160 0x503f22bc0
51 0 0 0 15 176 0x503f22fc0
51 0 0 0 15 128 0x503f223c0
51 0 0 0 15 144 0x503f227c0
51 0 0 0 15 0 0x503f203c0
51 0 0 0 15 16 0x503f207c0
51 0 0 0 15 96 0x503f21bc0
51 0 0 0 15 112 0x503f21fc0
51 0 0 0 15 224 0x503f23bc0
51 0 0 0 15 240 0x503f23fc0
25 0 0 0 15 96 0x503f21bc0
25 0 0 0 15 112 0x503f21fc0
25 0 0 0 15 224 0x503f23bc0
25 0 0 0 15 240 0x503f23fc0
25 0 0 0 15 0 0x503f203c0
25 0 0 0 15 16 0x503f207c0
25 0 0 0 15 128 0x503f223c0
25 0 0 0 15 144 0x503f227c0
25 0 0 0 15 32 0x503f20bc0
25 0 0 0 15 48 0x503f20fc0
25 0 0 0 15 64 0x503f213c0
25 0 0 0 15 80 0x503f217c0
25 0 0 0 15 192 0x503f233c0
25 0 0 0 15 208 0x503f237c0
25 0 0 0 15 160 0x503f22bc0
25 0 0 0 15 176 0x503f22fc0
12 1 0 0 15 128 0x5043c2300
12 1 0 0 15 144 0x5043c5f00
12 1 0 0 15 64 0x5043b3300
12 1 0 0 15 80 0x5043b6f00
12 1 0 0 15 224 0x5043d8b00
12 1 0 0 15 240 0x5043dc700
12 1 0 0 15 32 0x5043abb00
12 1 0 0 15 48 0x5043af700
12 1 0 0 15 192 0x5043d1300
12 1 0 0 15 208 0x5043d4f00
12 1 0 0 15 96 0x5043bab00
12 1 0 0 15 112 0x5043be700
12 1 0 0 15 0 0x5043a4300
12 1 0 0 15 16 0x5043a7f00
12 1 0 0 15 160 0x5043c9b00
12 1 0 0 15 176 0x5043cd700
38 0 0 0 15 64 0x503f213c0
38 0 0 0 15 80 0x503f217c0
38 0 0 0 15 192 0x503f233c0
38 0 0 0 15 208 0x503f237c0
38 0 0 0 15 224 0x503f23bc0
38 0 0 0 15 240 0x503f23fc0
38 0 0 0 15 96 0x503f21bc0
38 0 0 0 15 112 0x503f21fc0
38 0 0 0 15 0 0x503f203c0
38 0 0 0 15 16 0x503f207c0
38 0 0 0 15 160 0x503f22bc0
38 0 0 0 15 176 0x503f22fc0
38 0 0 0 15 128 0x503f223c0
38 0 0 0 15 144 0x503f227c0
38 0 0 0 15 32 0x503f20bc0
38 0 0 0 15 48 0x503f20fc0
51 1 0 0 15 32 0x5043ac4c0
51 1 0 0 15 48 0x5043b00c0
51 1 0 0 15 192 0x5043d1cc0
51 1 0 0 15 208 0x5043d58c0
51 1 0 0 15 160 0x5043ca4c0
51 1 0 0 15 176 0x5043ce0c0
51 1 0 0 15 64 0x5043b3cc0
51 1 0 0 15 80 0x5043b78c0
51 1 0 0 15 128 0x5043c2cc0
51 1 0 0 15 144 0x5043c68c0
51 1 0 0 15 224 0x5043d94c0
51 1 0 0 15 240 0x5043dd0c0
51 1 0 0 15 0 0x5043a4cc0
51 1 0 0 15 16 0x5043a88c0
51 1 0 0 15 96 0x5043bb4c0
51 1 0 0 15 112 0x5043bf0c0
25 1 0 0 15 64 0x5043b3640
25 1 0 0 15 80 0x5043b7240
25 1 0 0 15 32 0x5043abe40
25 1 0 0 15 48 0x5043afa40
25 1 0 0 15 160 0x5043c9e40
25 1 0 0 15 176 0x5043cda40
25 1 0 0 15 96 0x5043bae40
25 1 0 0 15 112 0x5043bea40
25 1 0 0 15 224 0x5043d8e40
25 1 0 0 15 240 0x5043dca40
25 1 0 0 15 128 0x5043c2640
25 1 0 0 15 144 0x5043c6240
25 1 0 0 15 0 0x5043a4640
25 1 0 0 15 16 0x5043a8240
25 1 0 0 15 192 0x5043d1640
25 1 0 0 15 208 0x5043d5240
38 1 0 0 15 224 0x5043d9180
38 1 0 0 15 240 0x5043dcd80
38 1 0 0 15 192 0x5043d1980
38 1 0 0 15 208 0x5043d5580
38 1 0 0 15 96 0x5043bb180
38 1 0 0 15 112 0x5043bed80
38 1 0 0 15 160 0x5043ca180
38 1 0 0 15 176 0x5043cdd80
38 1 0 0 15 64 0x5043b3980
38 1 0 0 15 80 0x5043b7580
38 1 0 0 15 128 0x5043c2980
38 1 0 0 15 144 0x5043c6580
38 1 0 0 15 0 0x5043a4980
38 1 0 0 15 16 0x5043a8580
38 1 0 0 15 32 0x5043ac180
38 1 0 0 15 48 0x5043afd80
kernel exe time: 0.292183
CUDA matrixMul compares passed
