dimension 1 1 1 1
sizeof 4 4 4 4
array_size 64516 20808988 64512 20808988
2 0 0 0 32 37
2 0 0 0 33 70
2 0 0 0 34 92
2 0 0 0 35 98
2 0 0 0 36 108
2 0 0 0 37 229
2 0 0 0 38 280
2 0 0 0 39 318
2 0 0 0 40 333
2 0 0 0 41 355
2 0 0 0 42 357
2 0 0 0 43 413
2 0 0 0 44 565
2 0 0 0 45 566
2 0 0 0 46 657
2 0 0 0 47 753
2 0 0 0 48 808
2 0 0 0 49 936
2 0 0 0 50 952
2 0 0 0 51 1066
2 0 0 0 52 1078
2 0 0 0 53 1104
2 0 0 0 54 1216
2 0 0 0 55 1352
2 0 0 0 56 1358
2 0 0 0 57 1463
2 0 0 0 58 1543
2 0 0 0 59 1561
2 0 0 0 60 1600
2 0 0 0 61 1673
2 0 0 0 62 1683
2 0 0 0 63 1684
2 0 0 0 160 122
2 0 0 0 161 230
2 0 0 0 162 377
2 0 0 0 163 406
2 0 0 0 164 409
2 0 0 0 165 413
2 0 0 0 166 439
2 0 0 0 167 450
2 0 0 0 168 499
2 0 0 0 169 566
2 0 0 0 170 655
2 0 0 0 171 681
2 0 0 0 172 710
2 0 0 0 173 711
2 0 0 0 174 800
2 0 0 0 175 804
2 0 0 0 176 883
2 0 0 0 177 931
2 0 0 0 178 1005
2 0 0 0 179 1079
2 0 0 0 180 1154
2 0 0 0 181 1168
2 0 0 0 182 1228
2 0 0 0 183 1266
2 0 0 0 184 1291
2 0 0 0 185 1314
2 0 0 0 186 1337
2 0 0 0 187 1385
2 0 0 0 188 1395
2 0 0 0 189 1438
2 0 0 0 190 1442
2 0 0 0 191 1449
2 0 0 0 192 176
2 0 0 0 193 250
2 0 0 0 194 316
2 0 0 0 195 322
2 0 0 0 196 390
2 0 0 0 197 416
2 0 0 0 198 424
2 0 0 0 199 458
2 0 0 0 200 480
2 0 0 0 201 485
2 0 0 0 202 526
2 0 0 0 203 549
2 0 0 0 204 578
2 0 0 0 205 670
2 0 0 0 206 737
2 0 0 0 207 744
2 0 0 0 208 749
2 0 0 0 209 807
2 0 0 0 210 826
2 0 0 0 211 844
2 0 0 0 212 928
2 0 0 0 213 961
2 0 0 0 214 987
2 0 0 0 215 1014
2 0 0 0 216 1064
2 0 0 0 217 1081
2 0 0 0 218 1124
2 0 0 0 219 1185
2 0 0 0 220 1201
2 0 0 0 221 1227
2 0 0 0 222 1237
2 0 0 0 223 1300
2 0 0 0 64 25
2 0 0 0 65 338
2 0 0 0 66 497
2 0 0 0 67 521
2 0 0 0 68 668
2 0 0 0 69 680
2 0 0 0 70 686
2 0 0 0 71 688
2 0 0 0 72 696
2 0 0 0 73 743
2 0 0 0 74 761
2 0 0 0 75 779
2 0 0 0 76 801
2 0 0 0 77 824
2 0 0 0 78 828
2 0 0 0 79 945
2 0 0 0 80 973
2 0 0 0 81 1063
2 0 0 0 82 1129
2 0 0 0 83 1136
2 0 0 0 84 1214
2 0 0 0 85 1478
2 0 0 0 86 1593
2 0 0 0 87 1692
2 0 0 0 88 1829
2 0 0 0 89 1948
2 0 0 0 90 1973
2 0 0 0 91 2045
2 0 0 0 92 2047
2 0 0 0 93 2051
2 0 0 0 94 2140
2 0 0 0 95 2159
2 0 0 0 128 18
2 0 0 0 129 97
2 0 0 0 130 132
2 0 0 0 131 171
2 0 0 0 132 374
2 0 0 0 133 468
2 0 0 0 134 503
2 0 0 0 135 586
2 0 0 0 136 671
2 0 0 0 137 762
2 0 0 0 138 840
2 0 0 0 139 851
2 0 0 0 140 886
2 0 0 0 141 1129
2 0 0 0 142 1153
2 0 0 0 143 1157
2 0 0 0 144 1181
2 0 0 0 145 1236
2 0 0 0 146 1242
2 0 0 0 147 1251
2 0 0 0 148 1270
2 0 0 0 149 1296
2 0 0 0 150 1355
2 0 0 0 151 1389
2 0 0 0 152 1469
2 0 0 0 153 1470
2 0 0 0 154 1482
2 0 0 0 155 1587
2 0 0 0 156 1687
2 0 0 0 157 1722
2 0 0 0 158 1743
2 0 0 0 159 1747
2 0 0 0 96 71
2 0 0 0 97 120
2 0 0 0 98 191
2 0 0 0 99 244
2 0 0 0 100 249
2 0 0 0 101 345
2 0 0 0 102 348
2 0 0 0 103 363
2 0 0 0 104 378
2 0 0 0 105 383
2 0 0 0 106 405
2 0 0 0 107 472
2 0 0 0 108 547
2 0 0 0 109 782
2 0 0 0 110 822
2 0 0 0 111 827
2 0 0 0 112 850
2 0 0 0 113 1020
2 0 0 0 114 1123
2 0 0 0 115 1136
2 0 0 0 116 1187
2 0 0 0 117 1207
2 0 0 0 118 1208
2 0 0 0 119 1240
2 0 0 0 120 1351
2 0 0 0 121 1598
2 0 0 0 122 1634
2 0 0 0 123 1678
2 0 0 0 124 1689
2 0 0 0 125 1752
2 0 0 0 126 1756
2 0 0 0 127 1777
2 0 0 0 0 90
2 0 0 0 1 123
2 0 0 0 2 192
2 0 0 0 3 222
2 0 0 0 4 258
2 0 0 0 5 284
2 0 0 0 6 287
2 0 0 0 7 359
2 0 0 0 8 406
2 0 0 0 9 443
2 0 0 0 10 604
2 0 0 0 11 635
2 0 0 0 12 666
2 0 0 0 13 691
2 0 0 0 14 731
2 0 0 0 15 768
2 0 0 0 16 783
2 0 0 0 17 908
2 0 0 0 18 931
2 0 0 0 19 1015
2 0 0 0 20 1136
2 0 0 0 21 1215
2 0 0 0 22 1237
2 0 0 0 23 1385
2 0 0 0 24 1503
2 0 0 0 25 1505
2 0 0 0 26 1593
2 0 0 0 27 1595
2 0 0 0 28 1608
2 0 0 0 29 1676
2 0 0 0 30 1694
2 0 0 0 31 1787
2 0 0 0 224 70
2 0 0 0 225 118
2 0 0 0 226 132
2 0 0 0 227 208
2 0 0 0 228 218
2 0 0 0 229 227
2 0 0 0 230 291
2 0 0 0 231 308
2 0 0 0 232 328
2 0 0 0 233 379
2 0 0 0 234 410
2 0 0 0 235 598
2 0 0 0 236 627
2 0 0 0 237 704
2 0 0 0 238 717
2 0 0 0 239 729
2 0 0 0 240 738
2 0 0 0 241 875
2 0 0 0 242 945
2 0 0 0 243 956
2 0 0 0 244 1013
2 0 0 0 245 1090
2 0 0 0 246 1123
2 0 0 0 247 1127
2 0 0 0 248 1146
2 0 0 0 249 1157
2 0 0 0 250 1219
2 0 0 0 251 1248
2 0 0 0 252 1432
2 0 0 0 253 1546
2 0 0 0 254 1561
2 0 0 0 255 1641
2 0 0 1 192 1315
2 0 0 1 193 1317
2 0 0 1 194 1447
2 0 0 1 195 1467
2 0 0 1 196 1538
2 0 0 1 197 1666
2 0 0 1 198 1694
2 0 0 1 199 1719
2 0 0 1 200 1777
2 0 0 1 201 1785
2 0 0 1 202 1804
2 0 0 1 203 1807
2 0 0 1 204 1858
2 0 0 1 205 1879
2 0 0 1 206 1892
2 0 0 1 207 1946
2 0 0 1 208 2083
2 0 0 1 209 2102
2 0 0 1 210 2110
2 0 0 1 211 2212
2 0 0 1 212 2246
2 0 0 1 213 2273
2 0 0 1 214 2335
2 0 0 1 215 2372
2 0 0 1 216 2463
2 0 0 1 217 2612
2 0 0 1 218 2650
2 0 0 1 219 2754
2 0 0 1 220 2759
2 0 0 1 221 2870
2 0 0 1 222 2886
2 0 0 1 223 2968
2 0 0 1 64 2169
2 0 0 1 65 2260
2 0 0 1 66 2306
2 0 0 1 67 2343
2 0 0 1 68 2403
2 0 0 1 69 2492
2 0 0 1 70 2521
2 0 0 1 71 2550
2 0 0 1 72 2584
2 0 0 1 73 2619
2 0 0 1 74 2745
2 0 0 1 75 2760
2 0 0 1 76 2830
2 0 0 1 77 2983
2 0 0 1 78 3001
2 0 0 1 79 3004
2 0 0 1 80 3019
2 0 0 1 81 3082
2 0 0 1 82 3235
2 0 0 1 83 3302
2 0 0 1 84 3333
2 0 0 1 85 3371
2 0 0 1 86 3458
2 0 0 1 87 3474
2 0 0 1 88 3502
2 0 0 1 89 3568
2 0 0 1 90 3620
2 0 0 1 91 3678
2 0 0 1 92 3764
2 0 0 1 93 3809
2 0 0 1 94 3860
2 0 0 1 95 3903
2 0 0 1 32 1766
2 0 0 1 33 1779
2 0 0 1 34 1957
2 0 0 1 35 2009
2 0 0 1 36 2044
2 0 0 1 37 2061
2 0 0 1 38 2192
2 0 0 1 39 2265
2 0 0 1 40 2272
2 0 0 1 41 2325
2 0 0 1 42 2435
2 0 0 1 43 2481
2 0 0 1 44 2495
2 0 0 1 45 2603
2 0 0 1 46 2678
2 0 0 1 47 2742
2 0 0 1 48 2856
2 0 0 1 49 2865
2 0 0 1 50 2882
2 0 0 1 51 2886
2 0 0 1 52 2902
2 0 0 1 53 3043
2 0 0 1 54 3136
2 0 0 1 55 3278
2 0 0 1 56 3285
2 0 0 1 57 3301
2 0 0 1 58 3344
2 0 0 1 59 3460
2 0 0 1 60 3516
2 0 0 1 61 3540
2 0 0 1 62 3649
2 0 0 1 63 3678
2 0 0 1 160 1467
2 0 0 1 161 1495
2 0 0 1 162 1531
2 0 0 1 163 1570
2 0 0 1 164 1571
2 0 0 1 165 1646
2 0 0 1 166 1683
2 0 0 1 167 1750
2 0 0 1 168 1769
2 0 0 1 169 1841
2 0 0 1 170 1858
2 0 0 1 171 1967
2 0 0 1 172 1989
2 0 0 1 173 2123
2 0 0 1 174 2126
2 0 0 1 175 2128
2 0 0 1 176 2173
2 0 0 1 177 2291
2 0 0 1 178 2327
2 0 0 1 179 2380
2 0 0 1 180 2387
2 0 0 1 181 2406
2 0 0 1 182 2438
2 0 0 1 183 2497
2 0 0 1 184 2567
2 0 0 1 185 2655
2 0 0 1 186 2742
2 0 0 1 187 2781
2 0 0 1 188 2794
2 0 0 1 189 2854
2 0 0 1 190 2863
2 0 0 1 191 2899
2 0 0 1 96 1849
2 0 0 1 97 1856
2 0 0 1 98 1895
2 0 0 1 99 2008
2 0 0 1 100 2093
2 0 0 1 101 2104
2 0 0 1 102 2191
2 0 0 1 103 2206
2 0 0 1 104 2309
2 0 0 1 105 2375
2 0 0 1 106 2439
2 0 0 1 107 2451
2 0 0 1 108 2502
2 0 0 1 109 2547
2 0 0 1 110 2562
2 0 0 1 111 2579
2 0 0 1 112 2660
2 0 0 1 113 2706
2 0 0 1 114 2710
2 0 0 1 115 2777
2 0 0 1 116 2782
2 0 0 1 117 2790
2 0 0 1 118 2842
2 0 0 1 119 2857
2 0 0 1 120 2909
2 0 0 1 121 2937
2 0 0 1 122 3213
2 0 0 1 123 3218
2 0 0 1 124 3263
2 0 0 1 125 3282
2 0 0 1 126 3306
2 0 0 1 127 3314
2 0 0 1 224 1676
2 0 0 1 225 1754
2 0 0 1 226 1825
2 0 0 1 227 1845
2 0 0 1 228 1862
2 0 0 1 229 1864
2 0 0 1 230 1868
2 0 0 1 231 1894
2 0 0 1 232 1978
2 0 0 1 233 2058
2 0 0 1 234 2098
2 0 0 1 235 2104
2 0 0 1 236 2165
2 0 0 1 237 2221
2 0 0 1 238 2241
2 0 0 1 239 2274
2 0 0 1 240 2322
2 0 0 1 241 2333
2 0 0 1 242 2378
2 0 0 1 243 2446
2 0 0 1 244 2520
2 0 0 1 245 2530
2 0 0 1 246 2535
2 0 0 1 247 2573
2 0 0 1 248 2595
2 0 0 1 249 2598
2 0 0 1 250 2627
2 0 0 1 251 2662
2 0 0 1 252 2719
2 0 0 1 253 2757
2 0 0 1 254 2778
2 0 0 1 255 2844
2 0 0 1 128 1895
2 0 0 1 129 1938
2 0 0 1 130 1950
2 0 0 1 131 2063
2 0 0 1 132 2093
2 0 0 1 133 2312
2 0 0 1 134 2326
2 0 0 1 135 2350
2 0 0 1 136 2388
2 0 0 1 137 2429
2 0 0 1 138 2487
2 0 0 1 139 2490
2 0 0 1 140 2540
2 0 0 1 141 2547
2 0 0 1 142 2602
2 0 0 1 143 2608
2 0 0 1 144 2625
2 0 0 1 145 2667
2 0 0 1 146 2670
2 0 0 1 147 2701
2 0 0 1 148 2729
2 0 0 1 149 2769
2 0 0 1 150 2809
2 0 0 1 151 2819
2 0 0 1 152 2948
2 0 0 1 153 2981
2 0 0 1 154 2996
2 0 0 1 155 3026
2 0 0 1 156 3110
2 0 0 1 157 3179
2 0 0 1 158 3213
2 0 0 1 159 3221
2 0 0 1 0 1798
2 0 0 1 1 1806
2 0 0 1 2 1807
2 0 0 1 3 1830
2 0 0 1 4 1883
2 0 0 1 5 1912
2 0 0 1 6 2039
2 0 0 1 7 2109
2 0 0 1 8 2187
2 0 0 1 9 2237
2 0 0 1 10 2240
2 0 0 1 11 2338
2 0 0 1 12 2381
2 0 0 1 13 2446
2 0 0 1 14 2461
2 0 0 1 15 2509
2 0 0 1 16 2536
2 0 0 1 17 2551
2 0 0 1 18 2582
2 0 0 1 19 2587
2 0 0 1 20 2610
2 0 0 1 21 2616
2 0 0 1 22 2654
2 0 0 1 23 2694
2 0 0 1 24 2705
2 0 0 1 25 2735
2 0 0 1 26 2737
2 0 0 1 27 2753
2 0 0 1 28 2791
2 0 0 1 29 2836
2 0 0 1 30 2928
2 0 0 1 31 2997
2 0 0 2 32 3719
2 0 0 2 33 3729
2 0 0 2 34 3766
2 0 0 2 35 3767
2 0 0 2 36 3769
2 0 0 2 37 3777
2 0 0 2 38 3791
2 0 0 2 39 3801
2 0 0 2 40 3839
2 0 0 2 41 3863
2 0 0 2 42 3864
2 0 0 2 43 3887
2 0 0 2 44 3903
2 0 0 2 45 3958
2 0 0 2 46 4098
2 0 0 2 47 4122
2 0 0 2 48 4172
2 0 0 2 49 4233
2 0 0 2 50 4271
2 0 0 2 51 4348
2 0 0 2 52 4450
2 0 0 2 53 4461
2 0 0 2 54 4485
2 0 0 2 55 4584
2 0 0 2 56 4598
2 0 0 2 57 4697
2 0 0 2 58 4779
2 0 0 2 59 4833
2 0 0 2 60 4862
2 0 0 2 61 4923
2 0 0 2 62 4976
2 0 0 2 63 5160
2 0 0 2 160 2922
2 0 0 2 161 2963
2 0 0 2 162 2970
2 0 0 2 163 3109
2 0 0 2 164 3187
2 0 0 2 165 3239
2 0 0 2 166 3348
2 0 0 2 167 3370
2 0 0 2 168 3441
2 0 0 2 169 3555
2 0 0 2 170 3607
2 0 0 2 171 3681
2 0 0 2 172 3690
2 0 0 2 173 3834
2 0 0 2 174 3842
2 0 0 2 175 3888
2 0 0 2 176 3899
2 0 0 2 177 3917
2 0 0 2 178 3932
2 0 0 2 179 3944
2 0 0 2 180 3959
2 0 0 2 181 4031
2 0 0 2 182 4097
2 0 0 2 183 4124
2 0 0 2 184 4125
2 0 0 2 185 4172
2 0 0 2 186 4314
2 0 0 2 187 4475
2 0 0 2 188 4594
2 0 0 2 189 4625
2 0 0 2 190 4689
2 0 0 2 191 4722
2 0 0 2 64 3918
2 0 0 2 65 3931
2 0 0 2 66 3978
2 0 0 2 67 3992
2 0 0 2 68 4095
2 0 0 2 69 4278
2 0 0 2 70 4300
2 0 0 2 71 4322
2 0 0 2 72 4436
2 0 0 2 73 4438
2 0 0 2 74 4509
2 0 0 2 75 4566
2 0 0 2 76 4583
2 0 0 2 77 4612
2 0 0 2 78 4736
2 0 0 2 79 4757
2 0 0 2 80 4778
2 0 0 2 81 4810
2 0 0 2 82 4962
2 0 0 2 83 4982
2 0 0 2 84 4993
2 0 0 2 85 5066
2 0 0 2 86 5144
2 0 0 2 87 5258
2 0 0 2 88 5353
2 0 0 2 89 5361
2 0 0 2 90 5368
2 0 0 2 91 5470
2 0 0 2 92 5528
2 0 0 2 93 5543
2 0 0 2 94 5588
2 0 0 2 95 5624
2 0 0 2 192 3179
2 0 0 2 193 3188
2 0 0 2 194 3195
2 0 0 2 195 3206
2 0 0 2 196 3268
2 0 0 2 197 3381
2 0 0 2 198 3391
2 0 0 2 199 3443
2 0 0 2 200 3465
2 0 0 2 201 3489
2 0 0 2 202 3500
2 0 0 2 203 3515
2 0 0 2 204 3540
2 0 0 2 205 3613
2 0 0 2 206 3698
2 0 0 2 207 3752
2 0 0 2 208 3764
2 0 0 2 209 3825
2 0 0 2 210 3848
2 0 0 2 211 3862
2 0 0 2 212 3891
2 0 0 2 213 3928
2 0 0 2 214 3992
2 0 0 2 215 4000
2 0 0 2 216 4110
2 0 0 2 217 4221
2 0 0 2 218 4245
2 0 0 2 219 4335
2 0 0 2 220 4389
2 0 0 2 221 4416
2 0 0 2 222 4442
2 0 0 2 223 4477
2 0 0 2 96 3329
2 0 0 2 97 3362
2 0 0 2 98 3387
2 0 0 2 99 3403
2 0 0 2 100 3409
2 0 0 2 101 3413
2 0 0 2 102 3435
2 0 0 2 103 3540
2 0 0 2 104 3541
2 0 0 2 105 3590
2 0 0 2 106 3615
2 0 0 2 107 3627
2 0 0 2 108 3652
2 0 0 2 109 3664
2 0 0 2 110 3723
2 0 0 2 111 3752
2 0 0 2 112 3793
2 0 0 2 113 3925
2 0 0 2 114 3936
2 0 0 2 115 4020
2 0 0 2 116 4084
2 0 0 2 117 4098
2 0 0 2 118 4135
2 0 0 2 119 4214
2 0 0 2 120 4220
2 0 0 2 121 4223
2 0 0 2 122 4233
2 0 0 2 123 4321
2 0 0 2 124 4332
2 0 0 2 125 4508
2 0 0 2 126 4558
2 0 0 2 127 4560
2 0 0 2 224 2874
2 0 0 2 225 2884
2 0 0 2 226 2917
2 0 0 2 227 3383
2 0 0 2 228 3389
2 0 0 2 229 3404
2 0 0 2 230 3433
2 0 0 2 231 3468
2 0 0 2 232 3518
2 0 0 2 233 3573
2 0 0 2 234 3583
2 0 0 2 235 3597
2 0 0 2 236 3696
2 0 0 2 237 3758
2 0 0 2 238 3819
2 0 0 2 239 3825
2 0 0 2 240 3826
2 0 0 2 241 3896
2 0 0 2 242 3934
2 0 0 2 243 3967
2 0 0 2 244 4185
2 0 0 2 245 4274
2 0 0 2 246 4319
2 0 0 2 247 4374
2 0 0 2 248 4495
2 0 0 2 249 4497
2 0 0 2 250 4519
2 0 0 2 251 4546
2 0 0 2 252 4549
2 0 0 2 253 4564
2 0 0 2 254 4638
2 0 0 2 255 4660
2 0 0 2 128 3323
2 0 0 2 129 3334
2 0 0 2 130 3451
2 0 0 2 131 3484
2 0 0 2 132 3529
2 0 0 2 133 3577
2 0 0 2 134 3600
2 0 0 2 135 3611
2 0 0 2 136 3649
2 0 0 2 137 3662
2 0 0 2 138 3691
2 0 0 2 139 3730
2 0 0 2 140 3863
2 0 0 2 141 3867
2 0 0 2 142 3916
2 0 0 2 143 3927
2 0 0 2 144 3983
2 0 0 2 145 4033
2 0 0 2 146 4036
2 0 0 2 147 4048
2 0 0 2 148 4091
2 0 0 2 149 4095
2 0 0 2 150 4162
2 0 0 2 151 4335
2 0 0 2 152 4345
2 0 0 2 153 4358
2 0 0 2 154 4604
2 0 0 2 155 4660
2 0 0 2 156 4780
2 0 0 2 157 4806
2 0 0 2 158 4812
2 0 0 2 159 4914
2 0 0 2 0 3033
2 0 0 2 1 3046
2 0 0 2 2 3078
2 0 0 2 3 3109
2 0 0 2 4 3146
2 0 0 2 5 3154
2 0 0 2 6 3198
2 0 0 2 7 3201
2 0 0 2 8 3270
2 0 0 2 9 3296
2 0 0 2 10 3299
2 0 0 2 11 3348
2 0 0 2 12 3405
2 0 0 2 13 3425
2 0 0 2 14 3504
2 0 0 2 15 3521
2 0 0 2 16 3546
2 0 0 2 17 3573
2 0 0 2 18 3592
2 0 0 2 19 3619
2 0 0 2 20 3697
2 0 0 2 21 3702
2 0 0 2 22 3927
2 0 0 2 23 3983
2 0 0 2 24 4013
2 0 0 2 25 4304
2 0 0 2 26 4315
2 0 0 2 27 4330
2 0 0 2 28 4331
2 0 0 2 29 4337
2 0 0 2 30 4373
2 0 0 2 31 4380
2 0 0 3 192 4488
2 0 0 3 193 4588
2 0 0 3 194 4626
2 0 0 3 195 4684
2 0 0 3 196 4707
2 0 0 3 197 4717
2 0 0 3 198 4721
2 0 0 3 199 4887
2 0 0 3 200 4951
2 0 0 3 201 4995
2 0 0 3 202 5029
2 0 0 3 203 5035
2 0 0 3 204 5036
2 0 0 3 205 5042
2 0 0 3 206 5057
2 0 0 3 207 5087
2 0 0 3 208 5123
2 0 0 3 209 5130
2 0 0 3 210 5258
2 0 0 3 211 5262
2 0 0 3 212 5274
2 0 0 3 213 5302
2 0 0 3 214 5320
2 0 0 3 215 5379
2 0 0 3 216 5392
2 0 0 3 217 5410
2 0 0 3 218 5436
2 0 0 3 219 5442
2 0 0 3 220 5488
2 0 0 3 221 5494
2 0 0 3 222 5499
2 0 0 3 223 5586
2 0 0 3 64 5685
2 0 0 3 65 5686
2 0 0 3 66 5742
2 0 0 3 67 5780
2 0 0 3 68 5807
2 0 0 3 69 5922
2 0 0 3 70 6220
2 0 0 3 71 6225
2 0 0 3 72 6302
2 0 0 3 73 6311
2 0 0 3 74 6350
2 0 0 3 75 6396
2 0 0 3 76 6428
2 0 0 3 77 6444
2 0 0 3 78 6447
2 0 0 3 79 6551
2 0 0 3 80 6671
2 0 0 3 81 6776
2 0 0 3 82 6884
2 0 0 3 83 6887
2 0 0 3 84 7013
2 0 0 3 85 7155
2 0 0 3 86 7199
2 0 0 3 87 7251
2 0 0 3 88 7263
2 0 0 3 89 7290
2 0 0 3 90 7337
2 0 0 3 91 7349
2 0 0 3 92 7362
2 0 0 3 93 7474
2 0 0 3 94 7500
2 0 0 3 95 7521
2 0 0 3 160 4865
2 0 0 3 161 4904
2 0 0 3 162 4926
2 0 0 3 163 4933
2 0 0 3 164 4937
2 0 0 3 165 4997
2 0 0 3 166 5002
2 0 0 3 167 5038
2 0 0 3 168 5166
2 0 0 3 169 5185
2 0 0 3 170 5204
2 0 0 3 171 5268
2 0 0 3 172 5610
2 0 0 3 173 5654
2 0 0 3 174 5676
2 0 0 3 175 5682
2 0 0 3 176 5706
2 0 0 3 177 5728
2 0 0 3 178 5809
2 0 0 3 179 5813
2 0 0 3 180 5840
2 0 0 3 181 5947
2 0 0 3 182 6023
2 0 0 3 183 6103
2 0 0 3 184 6117
2 0 0 3 185 6196
2 0 0 3 186 6439
2 0 0 3 187 6450
2 0 0 3 188 6470
2 0 0 3 189 6473
2 0 0 3 190 6482
2 0 0 3 191 6564
2 0 0 3 32 5168
2 0 0 3 33 5169
2 0 0 3 34 5416
2 0 0 3 35 5560
2 0 0 3 36 5640
2 0 0 3 37 5799
2 0 0 3 38 5866
2 0 0 3 39 5867
2 0 0 3 40 5885
2 0 0 3 41 5912
2 0 0 3 42 5925
2 0 0 3 43 6165
2 0 0 3 44 6295
2 0 0 3 45 6356
2 0 0 3 46 6394
2 0 0 3 47 6540
2 0 0 3 48 6637
2 0 0 3 49 6645
2 0 0 3 50 6776
2 0 0 3 51 6799
2 0 0 3 52 6852
2 0 0 3 53 6870
2 0 0 3 54 6907
2 0 0 3 55 7053
2 0 0 3 56 7073
2 0 0 3 57 7110
2 0 0 3 58 7155
2 0 0 3 59 7432
2 0 0 3 60 7439
2 0 0 3 61 7464
2 0 0 3 62 7489
2 0 0 3 63 7517
2 0 0 3 96 4570
2 0 0 3 97 4615
2 0 0 3 98 4715
2 0 0 3 99 4742
2 0 0 3 100 5029
2 0 0 3 101 5036
2 0 0 3 102 5140
2 0 0 3 103 5167
2 0 0 3 104 5239
2 0 0 3 105 5240
2 0 0 3 106 5313
2 0 0 3 107 5353
2 0 0 3 108 5355
2 0 0 3 109 5401
2 0 0 3 110 5413
2 0 0 3 111 5430
2 0 0 3 112 5447
2 0 0 3 113 5472
2 0 0 3 114 5552
2 0 0 3 115 5581
2 0 0 3 116 5589
2 0 0 3 117 5635
2 0 0 3 118 5651
2 0 0 3 119 5680
2 0 0 3 120 5681
2 0 0 3 121 5702
2 0 0 3 122 5725
2 0 0 3 123 5809
2 0 0 3 124 5872
2 0 0 3 125 5907
2 0 0 3 126 6039
2 0 0 3 127 6059
2 0 0 3 224 4721
2 0 0 3 225 4755
2 0 0 3 226 4788
2 0 0 3 227 4826
2 0 0 3 228 5034
2 0 0 3 229 5035
2 0 0 3 230 5048
2 0 0 3 231 5091
2 0 0 3 232 5131
2 0 0 3 233 5161
2 0 0 3 234 5236
2 0 0 3 235 5250
2 0 0 3 236 5307
2 0 0 3 237 5425
2 0 0 3 238 5522
2 0 0 3 239 5539
2 0 0 3 240 5565
2 0 0 3 241 5577
2 0 0 3 242 5672
2 0 0 3 243 5675
2 0 0 3 244 5731
2 0 0 3 245 5822
2 0 0 3 246 5834
2 0 0 3 247 5835
2 0 0 3 248 5868
2 0 0 3 249 5972
2 0 0 3 250 5973
2 0 0 3 251 6006
2 0 0 3 252 6018
2 0 0 3 253 6025
2 0 0 3 254 6067
2 0 0 3 255 6092
2 0 0 3 0 4455
2 0 0 3 1 4523
2 0 0 3 2 4535
2 0 0 3 3 4551
2 0 0 3 4 4563
2 0 0 3 5 4582
2 0 0 3 6 4702
2 0 0 3 7 4711
2 0 0 3 8 4735
2 0 0 3 9 4747
2 0 0 3 10 4790
2 0 0 3 11 4834
2 0 0 3 12 4840
2 0 0 3 13 4938
2 0 0 3 14 4969
2 0 0 3 15 5046
2 0 0 3 16 5068
2 0 0 3 17 5141
2 0 0 3 18 5153
2 0 0 3 19 5199
2 0 0 3 20 5233
2 0 0 3 21 5427
2 0 0 3 22 5430
2 0 0 3 23 5460
2 0 0 3 24 5538
2 0 0 3 25 5556
2 0 0 3 26 5631
2 0 0 3 27 5688
2 0 0 3 28 5691
2 0 0 3 29 5716
2 0 0 3 30 5805
2 0 0 3 31 5955
2 0 0 3 128 4929
2 0 0 3 129 4994
2 0 0 3 130 4997
2 0 0 3 131 5036
2 0 0 3 132 5038
2 0 0 3 133 5040
2 0 0 3 134 5069
2 0 0 3 135 5079
2 0 0 3 136 5101
2 0 0 3 137 5145
2 0 0 3 138 5146
2 0 0 3 139 5212
2 0 0 3 140 5251
2 0 0 3 141 5260
2 0 0 3 142 5277
2 0 0 3 143 5390
2 0 0 3 144 5408
2 0 0 3 145 5433
2 0 0 3 146 5541
2 0 0 3 147 5657
2 0 0 3 148 5664
2 0 0 3 149 5672
2 0 0 3 150 5677
2 0 0 3 151 5679
2 0 0 3 152 5856
2 0 0 3 153 5898
2 0 0 3 154 5960
2 0 0 3 155 5965
2 0 0 3 156 6011
2 0 0 3 157 6034
2 0 0 3 158 6086
2 0 0 3 159 6107
2 0 0 4 0 5959
2 0 0 4 1 6124
2 0 0 4 2 6146
2 0 0 4 3 6180
2 0 0 4 4 6207
2 0 0 4 5 6223
2 0 0 4 6 6333
2 0 0 4 7 6423
2 0 0 4 8 6453
2 0 0 4 9 6569
2 0 0 4 10 6576
2 0 0 4 11 6704
2 0 0 4 12 6731
2 0 0 4 13 6750
2 0 0 4 14 6822
2 0 0 4 15 6918
2 0 0 4 16 6937
2 0 0 4 17 6946
2 0 0 4 18 7057
2 0 0 4 19 7208
2 0 0 4 20 7298
2 0 0 4 21 7309
2 0 0 4 22 7383
2 0 0 4 23 7417
2 0 0 4 24 7425
2 0 0 4 25 7536
2 0 0 4 26 7603
2 0 0 4 27 7619
2 0 0 4 28 7701
2 0 0 4 29 7778
2 0 0 4 30 7818
2 0 0 4 31 7911
2 0 0 4 64 7645
2 0 0 4 65 7748
2 0 0 4 66 7750
2 0 0 4 67 7837
2 0 0 4 68 7894
2 0 0 4 69 7908
2 0 0 4 70 7951
2 0 0 4 71 8138
2 0 0 4 72 8213
2 0 0 4 73 8297
2 0 0 4 74 8336
2 0 0 4 75 8422
2 0 0 4 76 8493
2 0 0 4 77 8522
2 0 0 4 78 8585
2 0 0 4 79 8594
2 0 0 4 80 8635
2 0 0 4 81 8657
2 0 0 4 82 8658
2 0 0 4 83 8674
2 0 0 4 84 8678
2 0 0 4 85 8714
2 0 0 4 86 8737
2 0 0 4 87 8774
2 0 0 4 88 8864
2 0 0 4 89 8869
2 0 0 4 90 8870
2 0 0 4 91 8972
2 0 0 4 92 8979
2 0 0 4 93 8981
2 0 0 4 94 9074
2 0 0 4 95 9077
2 0 0 4 192 5664
2 0 0 4 193 5736
2 0 0 4 194 5818
2 0 0 4 195 5873
2 0 0 4 196 5886
2 0 0 4 197 5967
2 0 0 4 198 6018
2 0 0 4 199 6043
2 0 0 4 200 6074
2 0 0 4 201 6079
2 0 0 4 202 6095
2 0 0 4 203 6099
2 0 0 4 204 6135
2 0 0 4 205 6155
2 0 0 4 206 6285
2 0 0 4 207 6291
2 0 0 4 208 6294
2 0 0 4 209 6399
2 0 0 4 210 6427
2 0 0 4 211 6503
2 0 0 4 212 6507
2 0 0 4 213 6553
2 0 0 4 214 6561
2 0 0 4 215 6592
2 0 0 4 216 6726
2 0 0 4 217 6847
2 0 0 4 218 6888
2 0 0 4 219 6938
2 0 0 4 220 7024
2 0 0 4 221 7038
2 0 0 4 222 7080
2 0 0 4 223 7091
2 0 0 4 224 6169
2 0 0 4 225 6174
2 0 0 4 226 6231
2 0 0 4 227 6253
2 0 0 4 228 6275
2 0 0 4 229 6310
2 0 0 4 230 6316
2 0 0 4 231 6392
2 0 0 4 232 6414
2 0 0 4 233 6454
2 0 0 4 234 6486
2 0 0 4 235 6582
2 0 0 4 236 6588
2 0 0 4 237 6600
2 0 0 4 238 6648
2 0 0 4 239 6654
2 0 0 4 240 6741
2 0 0 4 241 6783
2 0 0 4 242 6815
2 0 0 4 243 6824
2 0 0 4 244 6839
2 0 0 4 245 6857
2 0 0 4 246 6950
2 0 0 4 247 6971
2 0 0 4 248 7015
2 0 0 4 249 7082
2 0 0 4 250 7123
2 0 0 4 251 7127
2 0 0 4 252 7145
2 0 0 4 253 7223
2 0 0 4 254 7273
2 0 0 4 255 7282
2 0 0 4 32 7680
2 0 0 4 33 7720
2 0 0 4 34 7833
2 0 0 4 35 7983
2 0 0 4 36 8041
2 0 0 4 37 8047
2 0 0 4 38 8080
2 0 0 4 39 8136
2 0 0 4 40 8144
2 0 0 4 41 8228
2 0 0 4 42 8264
2 0 0 4 43 8438
2 0 0 4 44 8460
2 0 0 4 45 8496
2 0 0 4 46 8531
2 0 0 4 47 8549
2 0 0 4 48 8564
2 0 0 4 49 8620
2 0 0 4 50 8661
2 0 0 4 51 8698
2 0 0 4 52 8721
2 0 0 4 53 8752
2 0 0 4 54 8792
2 0 0 4 55 8854
2 0 0 4 56 8922
2 0 0 4 57 8993
2 0 0 4 58 9036
2 0 0 4 59 9161
2 0 0 4 60 9221
2 0 0 4 61 9273
2 0 0 4 62 9326
2 0 0 4 63 9360
2 0 0 4 96 6068
2 0 0 4 97 6079
2 0 0 4 98 6101
2 0 0 4 99 6125
2 0 0 4 100 6129
2 0 0 4 101 6167
2 0 0 4 102 6209
2 0 0 4 103 6210
2 0 0 4 104 6246
2 0 0 4 105 6262
2 0 0 4 106 6324
2 0 0 4 107 6361
2 0 0 4 108 6365
2 0 0 4 109 6410
2 0 0 4 110 6433
2 0 0 4 111 6488
2 0 0 4 112 6521
2 0 0 4 113 6692
2 0 0 4 114 6726
2 0 0 4 115 7012
2 0 0 4 116 7030
2 0 0 4 117 7052
2 0 0 4 118 7119
2 0 0 4 119 7126
2 0 0 4 120 7161
2 0 0 4 121 7188
2 0 0 4 122 7209
2 0 0 4 123 7220
2 0 0 4 124 7226
2 0 0 4 125 7376
2 0 0 4 126 7388
2 0 0 4 127 7390
2 0 0 4 160 6582
2 0 0 4 161 6601
2 0 0 4 162 6610
2 0 0 4 163 6695
2 0 0 4 164 6706
2 0 0 4 165 6774
2 0 0 4 166 6797
2 0 0 4 167 6833
2 0 0 4 168 6839
2 0 0 4 169 6910
2 0 0 4 170 6934
2 0 0 4 171 6970
2 0 0 4 172 7050
2 0 0 4 173 7082
2 0 0 4 174 7175
2 0 0 4 175 7177
2 0 0 4 176 7189
2 0 0 4 177 7238
2 0 0 4 178 7296
2 0 0 4 179 7387
2 0 0 4 180 7434
2 0 0 4 181 7465
2 0 0 4 182 7470
2 0 0 4 183 7473
2 0 0 4 184 7474
2 0 0 4 185 7540
2 0 0 4 186 7643
2 0 0 4 187 7666
2 0 0 4 188 7687
2 0 0 4 189 7734
2 0 0 4 190 7860
2 0 0 4 191 8017
2 0 0 4 128 6134
2 0 0 4 129 6154
2 0 0 4 130 6184
2 0 0 4 131 6249
2 0 0 4 132 6253
2 0 0 4 133 6448
2 0 0 4 134 6483
2 0 0 4 135 6527
2 0 0 4 136 6534
2 0 0 4 137 6591
2 0 0 4 138 6631
2 0 0 4 139 6636
2 0 0 4 140 6746
2 0 0 4 141 6805
2 0 0 4 142 6899
2 0 0 4 143 6907
2 0 0 4 144 6918
2 0 0 4 145 6967
2 0 0 4 146 7019
2 0 0 4 147 7104
2 0 0 4 148 7108
2 0 0 4 149 7123
2 0 0 4 150 7218
2 0 0 4 151 7314
2 0 0 4 152 7331
2 0 0 4 153 7459
2 0 0 4 154 7461
2 0 0 4 155 7482
2 0 0 4 156 7488
2 0 0 4 157 7541
2 0 0 4 158 7614
2 0 0 4 159 7632
2 0 0 5 96 7391
2 0 0 5 97 7433
2 0 0 5 98 7458
2 0 0 5 99 7465
2 0 0 5 100 7481
2 0 0 5 101 7497
2 0 0 5 102 7607
2 0 0 5 103 7708
2 0 0 5 104 7711
2 0 0 5 105 7755
2 0 0 5 106 7794
2 0 0 5 107 7817
2 0 0 5 108 7884
2 0 0 5 109 7940
2 0 0 5 110 8079
2 0 0 5 111 8105
2 0 0 5 112 8217
2 0 0 5 113 8639
2 0 0 5 114 8678
2 0 0 5 115 8695
2 0 0 5 116 8756
2 0 0 5 117 8796
2 0 0 5 118 8811
2 0 0 5 119 8852
2 0 0 5 120 8874
2 0 0 5 121 8931
2 0 0 5 122 8939
2 0 0 5 123 8944
2 0 0 5 124 8956
2 0 0 5 125 9016
2 0 0 5 126 9039
2 0 0 5 127 9043
2 0 0 5 224 7409
2 0 0 5 225 7449
2 0 0 5 226 7488
2 0 0 5 227 7493
2 0 0 5 228 7507
2 0 0 5 229 7528
2 0 0 5 230 7649
2 0 0 5 231 7661
2 0 0 5 232 7742
2 0 0 5 233 7785
2 0 0 5 234 7790
2 0 0 5 235 7854
2 0 0 5 236 7865
2 0 0 5 237 7921
2 0 0 5 238 8033
2 0 0 5 239 8262
2 0 0 5 240 8281
2 0 0 5 241 8321
2 0 0 5 242 8346
2 0 0 5 243 8411
2 0 0 5 244 8428
2 0 0 5 245 8489
2 0 0 5 246 8500
2 0 0 5 247 8525
2 0 0 5 248 8552
2 0 0 5 249 8554
2 0 0 5 250 8570
2 0 0 5 251 8664
2 0 0 5 252 8709
2 0 0 5 253 8724
2 0 0 5 254 8735
2 0 0 5 255 8826
2 0 0 5 0 7998
2 0 0 5 1 8104
2 0 0 5 2 8143
2 0 0 5 3 8175
2 0 0 5 4 8261
2 0 0 5 5 8280
2 0 0 5 6 8295
2 0 0 5 7 8360
2 0 0 5 8 8401
2 0 0 5 9 8425
2 0 0 5 10 8469
2 0 0 5 11 8478
2 0 0 5 12 8495
2 0 0 5 13 8531
2 0 0 5 14 8662
2 0 0 5 15 8720
2 0 0 5 16 8746
2 0 0 5 17 8750
2 0 0 5 18 8811
2 0 0 5 19 8923
2 0 0 5 20 8941
2 0 0 5 21 9074
2 0 0 5 22 9128
2 0 0 5 23 9142
2 0 0 5 24 9152
2 0 0 5 25 9161
2 0 0 5 26 9236
2 0 0 5 27 9246
2 0 0 5 28 9265
2 0 0 5 29 9299
2 0 0 5 30 9311
2 0 0 5 31 9355
2 0 0 5 32 9428
2 0 0 5 33 9450
2 0 0 5 34 9462
2 0 0 5 35 9541
2 0 0 5 36 9663
2 0 0 5 37 9715
2 0 0 5 38 9733
2 0 0 5 39 9836
2 0 0 5 40 9857
2 0 0 5 41 10009
2 0 0 5 42 10050
2 0 0 5 43 10093
2 0 0 5 44 10099
2 0 0 5 45 10328
2 0 0 5 46 10337
2 0 0 5 47 10377
2 0 0 5 48 10402
2 0 0 5 49 10408
2 0 0 5 50 10562
2 0 0 5 51 10574
2 0 0 5 52 10651
2 0 0 5 53 10672
2 0 0 5 54 10680
2 0 0 5 55 10692
2 0 0 5 56 10714
2 0 0 5 57 10731
2 0 0 5 58 10823
2 0 0 5 59 10840
2 0 0 5 60 10898
2 0 0 5 61 10919
2 0 0 5 62 10943
2 0 0 5 63 10972
2 0 0 5 64 9139
2 0 0 5 65 9194
2 0 0 5 66 9225
2 0 0 5 67 9238
2 0 0 5 68 9240
2 0 0 5 69 9260
2 0 0 5 70 9282
2 0 0 5 71 9410
2 0 0 5 72 9484
2 0 0 5 73 9503
2 0 0 5 74 9559
2 0 0 5 75 9564
2 0 0 5 76 9586
2 0 0 5 77 9598
2 0 0 5 78 9661
2 0 0 5 79 9860
2 0 0 5 80 9865
2 0 0 5 81 9874
2 0 0 5 82 9955
2 0 0 5 83 9964
2 0 0 5 84 10071
2 0 0 5 85 10105
2 0 0 5 86 10196
2 0 0 5 87 10280
2 0 0 5 88 10305
2 0 0 5 89 10315
2 0 0 5 90 10335
2 0 0 5 91 10509
2 0 0 5 92 10511
2 0 0 5 93 10538
2 0 0 5 94 10540
2 0 0 5 95 10560
2 0 0 5 192 7119
2 0 0 5 193 7125
2 0 0 5 194 7129
2 0 0 5 195 7151
2 0 0 5 196 7175
2 0 0 5 197 7268
2 0 0 5 198 7321
2 0 0 5 199 7335
2 0 0 5 200 7464
2 0 0 5 201 7482
2 0 0 5 202 7505
2 0 0 5 203 7545
2 0 0 5 204 7584
2 0 0 5 205 7592
2 0 0 5 206 7594
2 0 0 5 207 7629
2 0 0 5 208 7661
2 0 0 5 209 7664
2 0 0 5 210 7671
2 0 0 5 211 7754
2 0 0 5 212 7819
2 0 0 5 213 7833
2 0 0 5 214 7881
2 0 0 5 215 7909
2 0 0 5 216 7927
2 0 0 5 217 7933
2 0 0 5 218 7984
2 0 0 5 219 8002
2 0 0 5 220 8015
2 0 0 5 221 8033
2 0 0 5 222 8126
2 0 0 5 223 8157
2 0 0 5 160 8131
2 0 0 5 161 8132
2 0 0 5 162 8204
2 0 0 5 163 8214
2 0 0 5 164 8250
2 0 0 5 165 8285
2 0 0 5 166 8322
2 0 0 5 167 8371
2 0 0 5 168 8404
2 0 0 5 169 8413
2 0 0 5 170 8471
2 0 0 5 171 8509
2 0 0 5 172 8548
2 0 0 5 173 8607
2 0 0 5 174 8665
2 0 0 5 175 8764
2 0 0 5 176 8830
2 0 0 5 177 8879
2 0 0 5 178 8904
2 0 0 5 179 9031
2 0 0 5 180 9121
2 0 0 5 181 9246
2 0 0 5 182 9279
2 0 0 5 183 9401
2 0 0 5 184 9432
2 0 0 5 185 9498
2 0 0 5 186 9646
2 0 0 5 187 9778
2 0 0 5 188 9875
2 0 0 5 189 9927
2 0 0 5 190 9959
2 0 0 5 191 9967
2 0 0 5 128 7644
2 0 0 5 129 7678
2 0 0 5 130 7785
2 0 0 5 131 7830
2 0 0 5 132 7869
2 0 0 5 133 7895
2 0 0 5 134 7913
2 0 0 5 135 7937
2 0 0 5 136 7993
2 0 0 5 137 8066
2 0 0 5 138 8069
2 0 0 5 139 8072
2 0 0 5 140 8219
2 0 0 5 141 8239
2 0 0 5 142 8288
2 0 0 5 143 8290
2 0 0 5 144 8296
2 0 0 5 145 8313
2 0 0 5 146 8341
2 0 0 5 147 8436
2 0 0 5 148 8464
2 0 0 5 149 8467
2 0 0 5 150 8510
2 0 0 5 151 8519
2 0 0 5 152 8559
2 0 0 5 153 8574
2 0 0 5 154 8586
2 0 0 5 155 8613
2 0 0 5 156 8689
2 0 0 5 157 8690
2 0 0 5 158 8785
2 0 0 5 159 8809
2 0 0 6 0 9359
2 0 0 6 1 9403
2 0 0 6 2 9420
2 0 0 6 3 9497
2 0 0 6 4 9588
2 0 0 6 5 9715
2 0 0 6 6 9842
2 0 0 6 7 9949
2 0 0 6 8 9999
2 0 0 6 9 10053
2 0 0 6 10 10081
2 0 0 6 11 10278
2 0 0 6 12 10405
2 0 0 6 13 10434
2 0 0 6 14 10445
2 0 0 6 15 10457
2 0 0 6 16 10458
2 0 0 6 17 10527
2 0 0 6 18 10529
2 0 0 6 19 10717
2 0 0 6 20 10815
2 0 0 6 21 10892
2 0 0 6 22 10899
2 0 0 6 23 11106
2 0 0 6 24 11151
2 0 0 6 25 11592
2 0 0 6 26 11635
2 0 0 6 27 11673
2 0 0 6 28 11691
2 0 0 6 29 11698
2 0 0 6 30 11733
2 0 0 6 31 11763
2 0 0 6 128 8830
2 0 0 6 129 8844
2 0 0 6 130 8879
2 0 0 6 131 9054
2 0 0 6 132 9303
2 0 0 6 133 9329
2 0 0 6 134 9342
2 0 0 6 135 9409
2 0 0 6 136 9422
2 0 0 6 137 9595
2 0 0 6 138 9608
2 0 0 6 139 9662
2 0 0 6 140 9677
2 0 0 6 141 9689
2 0 0 6 142 9755
2 0 0 6 143 9842
2 0 0 6 144 9963
2 0 0 6 145 9974
2 0 0 6 146 10048
2 0 0 6 147 10068
2 0 0 6 148 10125
2 0 0 6 149 10144
2 0 0 6 150 10155
2 0 0 6 151 10215
2 0 0 6 152 10235
2 0 0 6 153 10261
2 0 0 6 154 10316
2 0 0 6 155 10384
2 0 0 6 156 10399
2 0 0 6 157 10404
2 0 0 6 158 10506
2 0 0 6 159 10560
2 0 0 6 32 10974
2 0 0 6 33 11012
2 0 0 6 34 11046
2 0 0 6 35 11166
2 0 0 6 36 11187
2 0 0 6 37 11225
2 0 0 6 38 11237
2 0 0 6 39 11389
2 0 0 6 40 11410
2 0 0 6 41 11425
2 0 0 6 42 11639
2 0 0 6 43 11645
2 0 0 6 44 11655
2 0 0 6 45 11671
2 0 0 6 46 11740
2 0 0 6 47 11756
2 0 0 6 48 11774
2 0 0 6 49 11837
2 0 0 6 50 11846
2 0 0 6 51 11862
2 0 0 6 52 12028
2 0 0 6 53 12164
2 0 0 6 54 12255
2 0 0 6 55 12290
2 0 0 6 56 12297
2 0 0 6 57 12357
2 0 0 6 58 12362
2 0 0 6 59 12370
2 0 0 6 60 12396
2 0 0 6 61 12419
2 0 0 6 62 12523
2 0 0 6 63 12534
2 0 0 6 96 9045
2 0 0 6 97 9092
2 0 0 6 98 9145
2 0 0 6 99 9155
2 0 0 6 100 9167
2 0 0 6 101 9258
2 0 0 6 102 9316
2 0 0 6 103 9335
2 0 0 6 104 9371
2 0 0 6 105 9383
2 0 0 6 106 9424
2 0 0 6 107 9443
2 0 0 6 108 9447
2 0 0 6 109 9510
2 0 0 6 110 9513
2 0 0 6 111 9520
2 0 0 6 112 9590
2 0 0 6 113 9592
2 0 0 6 114 9664
2 0 0 6 115 9690
2 0 0 6 116 9708
2 0 0 6 117 9736
2 0 0 6 118 9771
2 0 0 6 119 9946
2 0 0 6 120 9976
2 0 0 6 121 10013
2 0 0 6 122 10044
2 0 0 6 123 10046
2 0 0 6 124 10048
2 0 0 6 125 10220
2 0 0 6 126 10321
2 0 0 6 127 10518
2 0 0 6 224 8845
2 0 0 6 225 8901
2 0 0 6 226 8922
2 0 0 6 227 8925
2 0 0 6 228 8926
2 0 0 6 229 8990
2 0 0 6 230 9011
2 0 0 6 231 9037
2 0 0 6 232 9103
2 0 0 6 233 9160
2 0 0 6 234 9169
2 0 0 6 235 9225
2 0 0 6 236 9257
2 0 0 6 237 9290
2 0 0 6 238 9338
2 0 0 6 239 9369
2 0 0 6 240 9391
2 0 0 6 241 9431
2 0 0 6 242 9440
2 0 0 6 243 9460
2 0 0 6 244 9500
2 0 0 6 245 9521
2 0 0 6 246 9535
2 0 0 6 247 9588
2 0 0 6 248 9589
2 0 0 6 249 9603
2 0 0 6 250 9622
2 0 0 6 251 9682
2 0 0 6 252 9971
2 0 0 6 253 9993
2 0 0 6 254 10084
2 0 0 6 255 10188
2 0 0 6 64 10784
2 0 0 6 65 10793
2 0 0 6 66 10795
2 0 0 6 67 10798
2 0 0 6 68 10910
2 0 0 6 69 10934
2 0 0 6 70 10979
2 0 0 6 71 11117
2 0 0 6 72 11317
2 0 0 6 73 11465
2 0 0 6 74 11544
2 0 0 6 75 11548
2 0 0 6 76 11724
2 0 0 6 77 11728
2 0 0 6 78 11747
2 0 0 6 79 11853
2 0 0 6 80 11879
2 0 0 6 81 11907
2 0 0 6 82 12027
2 0 0 6 83 12053
2 0 0 6 84 12062
2 0 0 6 85 12073
2 0 0 6 86 12217
2 0 0 6 87 12273
2 0 0 6 88 12409
2 0 0 6 89 12516
2 0 0 6 90 12578
2 0 0 6 91 12589
2 0 0 6 92 12615
2 0 0 6 93 12646
2 0 0 6 94 12682
2 0 0 6 95 12716
2 0 0 6 192 8245
2 0 0 6 193 8398
2 0 0 6 194 8413
2 0 0 6 195 8421
2 0 0 6 196 8573
2 0 0 6 197 8593
2 0 0 6 198 8594
2 0 0 6 199 8597
2 0 0 6 200 8658
2 0 0 6 201 8735
2 0 0 6 202 8751
2 0 0 6 203 8881
2 0 0 6 204 8915
2 0 0 6 205 8946
2 0 0 6 206 8968
2 0 0 6 207 9024
2 0 0 6 208 9098
2 0 0 6 209 9216
2 0 0 6 210 9330
2 0 0 6 211 9348
2 0 0 6 212 9411
2 0 0 6 213 9449
2 0 0 6 214 9456
2 0 0 6 215 9548
2 0 0 6 216 9596
2 0 0 6 217 9623
2 0 0 6 218 9658
2 0 0 6 219 9698
2 0 0 6 220 9915
2 0 0 6 221 10028
2 0 0 6 222 10045
2 0 0 6 223 10078
2 0 0 6 160 10068
2 0 0 6 161 10071
2 0 0 6 162 10098
2 0 0 6 163 10186
2 0 0 6 164 10208
2 0 0 6 165 10225
2 0 0 6 166 10231
2 0 0 6 167 10312
2 0 0 6 168 10329
2 0 0 6 169 10346
2 0 0 6 170 10442
2 0 0 6 171 10547
2 0 0 6 172 10560
2 0 0 6 173 10598
2 0 0 6 174 10641
2 0 0 6 175 10655
2 0 0 6 176 10673
2 0 0 6 177 10691
2 0 0 6 178 10711
2 0 0 6 179 10777
2 0 0 6 180 10797
2 0 0 6 181 10856
2 0 0 6 182 10904
2 0 0 6 183 11126
2 0 0 6 184 11168
2 0 0 6 185 11243
2 0 0 6 186 11244
2 0 0 6 187 11270
2 0 0 6 188 11360
2 0 0 6 189 11467
2 0 0 6 190 11479
2 0 0 6 191 11512
2 0 0 7 128 10620
2 0 0 7 129 10630
2 0 0 7 130 10645
2 0 0 7 131 10717
2 0 0 7 132 10733
2 0 0 7 133 10782
2 0 0 7 134 10829
2 0 0 7 135 11039
2 0 0 7 136 11166
2 0 0 7 137 11274
2 0 0 7 138 11308
2 0 0 7 139 11321
2 0 0 7 140 11371
2 0 0 7 141 11407
2 0 0 7 142 11414
2 0 0 7 143 11471
2 0 0 7 144 11528
2 0 0 7 145 11542
2 0 0 7 146 11569
2 0 0 7 147 11581
2 0 0 7 148 11603
2 0 0 7 149 11671
2 0 0 7 150 11737
2 0 0 7 151 11810
2 0 0 7 152 11865
2 0 0 7 153 11910
2 0 0 7 154 11985
2 0 0 7 155 12062
2 0 0 7 156 12139
2 0 0 7 157 12204
2 0 0 7 158 12231
2 0 0 7 159 12302
2 0 0 7 0 11829
2 0 0 7 1 11842
2 0 0 7 2 11858
2 0 0 7 3 11859
2 0 0 7 4 11954
2 0 0 7 5 11955
2 0 0 7 6 11965
2 0 0 7 7 11978
2 0 0 7 8 12012
2 0 0 7 9 12025
2 0 0 7 10 12042
2 0 0 7 11 12046
2 0 0 7 12 12055
2 0 0 7 13 12105
2 0 0 7 14 12136
2 0 0 7 15 12378
2 0 0 7 16 12571
2 0 0 7 17 12589
2 0 0 7 18 12599
2 0 0 7 19 12631
2 0 0 7 20 12695
2 0 0 7 21 12783
2 0 0 7 22 12835
2 0 0 7 23 12839
2 0 0 7 24 12874
2 0 0 7 25 12879
2 0 0 7 26 12891
2 0 0 7 27 12991
2 0 0 7 28 13036
2 0 0 7 29 13304
2 0 0 7 30 13378
2 0 0 7 31 13426
2 0 0 7 192 10095
2 0 0 7 193 10153
2 0 0 7 194 10334
2 0 0 7 195 10609
2 0 0 7 196 10689
2 0 0 7 197 10752
2 0 0 7 198 10790
2 0 0 7 199 10818
2 0 0 7 200 10844
2 0 0 7 201 10861
2 0 0 7 202 11010
2 0 0 7 203 11231
2 0 0 7 204 11251
2 0 0 7 205 11282
2 0 0 7 206 11363
2 0 0 7 207 11366
2 0 0 7 208 11520
2 0 0 7 209 11573
2 0 0 7 210 11583
2 0 0 7 211 11596
2 0 0 7 212 11712
2 0 0 7 213 11729
2 0 0 7 214 11733
2 0 0 7 215 11768
2 0 0 7 216 11868
2 0 0 7 217 11910
2 0 0 7 218 12056
2 0 0 7 219 12122
2 0 0 7 220 12149
2 0 0 7 221 12280
2 0 0 7 222 12375
2 0 0 7 223 12392
2 0 0 7 64 12726
2 0 0 7 65 12765
2 0 0 7 66 12788
2 0 0 7 67 12917
2 0 0 7 68 12924
2 0 0 7 69 12947
2 0 0 7 70 12956
2 0 0 7 71 12958
2 0 0 7 72 13016
2 0 0 7 73 13042
2 0 0 7 74 13043
2 0 0 7 75 13140
2 0 0 7 76 13180
2 0 0 7 77 13194
2 0 0 7 78 13232
2 0 0 7 79 13317
2 0 0 7 80 13389
2 0 0 7 81 13414
2 0 0 7 82 13425
2 0 0 7 83 13435
2 0 0 7 84 13488
2 0 0 7 85 13558
2 0 0 7 86 13610
2 0 0 7 87 13651
2 0 0 7 88 13692
2 0 0 7 89 13754
2 0 0 7 90 13761
2 0 0 7 91 13998
2 0 0 7 92 14009
2 0 0 7 93 14042
2 0 0 7 94 14069
2 0 0 7 95 14118
2 0 0 7 32 12552
2 0 0 7 33 12584
2 0 0 7 34 12593
2 0 0 7 35 12789
2 0 0 7 36 12808
2 0 0 7 37 12834
2 0 0 7 38 12856
2 0 0 7 39 12951
2 0 0 7 40 12954
2 0 0 7 41 12961
2 0 0 7 42 12966
2 0 0 7 43 13019
2 0 0 7 44 13032
2 0 0 7 45 13183
2 0 0 7 46 13232
2 0 0 7 47 13237
2 0 0 7 48 13243
2 0 0 7 49 13251
2 0 0 7 50 13256
2 0 0 7 51 13306
2 0 0 7 52 13522
2 0 0 7 53 13537
2 0 0 7 54 13554
2 0 0 7 55 13597
2 0 0 7 56 13678
2 0 0 7 57 13778
2 0 0 7 58 13825
2 0 0 7 59 13893
2 0 0 7 60 13910
2 0 0 7 61 13958
2 0 0 7 62 13964
2 0 0 7 63 13968
2 0 0 7 160 11522
2 0 0 7 161 11546
2 0 0 7 162 11581
2 0 0 7 163 11597
2 0 0 7 164 11813
2 0 0 7 165 11945
2 0 0 7 166 11986
2 0 0 7 167 12076
2 0 0 7 168 12097
2 0 0 7 169 12112
2 0 0 7 170 12118
2 0 0 7 171 12139
2 0 0 7 172 12177
2 0 0 7 173 12186
2 0 0 7 174 12291
2 0 0 7 175 12297
2 0 0 7 176 12313
2 0 0 7 177 12405
2 0 0 7 178 12406
2 0 0 7 179 12462
2 0 0 7 180 12496
2 0 0 7 181 12592
2 0 0 7 182 12596
2 0 0 7 183 12606
2 0 0 7 184 12656
2 0 0 7 185 12661
2 0 0 7 186 12663
2 0 0 7 187 12684
2 0 0 7 188 12724
2 0 0 7 189 12775
2 0 0 7 190 12777
2 0 0 7 191 12844
2 0 0 7 224 10226
2 0 0 7 225 10228
2 0 0 7 226 10276
2 0 0 7 227 10307
2 0 0 7 228 10388
2 0 0 7 229 10400
2 0 0 7 230 10422
2 0 0 7 231 10464
2 0 0 7 232 10465
2 0 0 7 233 10481
2 0 0 7 234 10552
2 0 0 7 235 10648
2 0 0 7 236 10696
2 0 0 7 237 10734
2 0 0 7 238 10904
2 0 0 7 239 10978
2 0 0 7 240 11028
2 0 0 7 241 11033
2 0 0 7 242 11042
2 0 0 7 243 11044
2 0 0 7 244 11116
2 0 0 7 245 11117
2 0 0 7 246 11122
2 0 0 7 247 11179
2 0 0 7 248 11189
2 0 0 7 249 11208
2 0 0 7 250 11216
2 0 0 7 251 11236
2 0 0 7 252 11277
2 0 0 7 253 11280
2 0 0 7 254 11306
2 0 0 7 255 11396
2 0 0 7 96 10606
2 0 0 7 97 10650
2 0 0 7 98 10839
2 0 0 7 99 10935
2 0 0 7 100 10951
2 0 0 7 101 11031
2 0 0 7 102 11033
2 0 0 7 103 11154
2 0 0 7 104 11243
2 0 0 7 105 11253
2 0 0 7 106 11272
2 0 0 7 107 11283
2 0 0 7 108 11297
2 0 0 7 109 11347
2 0 0 7 110 11348
2 0 0 7 111 11521
2 0 0 7 112 11524
2 0 0 7 113 11537
2 0 0 7 114 11638
2 0 0 7 115 11730
2 0 0 7 116 11763
2 0 0 7 117 11793
2 0 0 7 118 11857
2 0 0 7 119 11867
2 0 0 7 120 11957
2 0 0 7 121 11991
2 0 0 7 122 12145
2 0 0 7 123 12156
2 0 0 7 124 12164
2 0 0 7 125 12199
2 0 0 7 126 12358
2 0 0 7 127 12435
2 0 0 8 224 11411
2 0 0 8 225 11490
2 0 0 8 226 11505
2 0 0 8 227 11520
2 0 0 8 228 11553
2 0 0 8 229 11617
2 0 0 8 230 11641
2 0 0 8 231 11663
2 0 0 8 232 11677
2 0 0 8 233 11691
2 0 0 8 234 11814
2 0 0 8 235 11870
2 0 0 8 236 11916
2 0 0 8 237 11967
2 0 0 8 238 12031
2 0 0 8 239 12079
2 0 0 8 240 12097
2 0 0 8 241 12102
2 0 0 8 242 12198
2 0 0 8 243 12339
2 0 0 8 244 12390
2 0 0 8 245 12411
2 0 0 8 246 12431
2 0 0 8 247 12592
2 0 0 8 248 12593
2 0 0 8 249 12604
2 0 0 8 250 12644
2 0 0 8 251 12814
2 0 0 8 252 12866
2 0 0 8 253 12880
2 0 0 8 254 13046
2 0 0 8 255 13180
2 0 0 8 192 12424
2 0 0 8 193 12496
2 0 0 8 194 12528
2 0 0 8 195 12674
2 0 0 8 196 12700
2 0 0 8 197 12713
2 0 0 8 198 12718
2 0 0 8 199 12741
2 0 0 8 200 12763
2 0 0 8 201 12805
2 0 0 8 202 12978
2 0 0 8 203 13071
2 0 0 8 204 13115
2 0 0 8 205 13117
2 0 0 8 206 13139
2 0 0 8 207 13182
2 0 0 8 208 13194
2 0 0 8 209 13203
2 0 0 8 210 13238
2 0 0 8 211 13258
2 0 0 8 212 13317
2 0 0 8 213 13324
2 0 0 8 214 13358
2 0 0 8 215 13431
2 0 0 8 216 13563
2 0 0 8 217 13584
2 0 0 8 218 13585
2 0 0 8 219 13587
2 0 0 8 220 13598
2 0 0 8 221 13601
2 0 0 8 222 13628
2 0 0 8 223 13679
2 0 0 8 96 12478
2 0 0 8 97 12487
2 0 0 8 98 12564
2 0 0 8 99 12663
2 0 0 8 100 12677
2 0 0 8 101 12743
2 0 0 8 102 12745
2 0 0 8 103 12759
2 0 0 8 104 12771
2 0 0 8 105 12782
2 0 0 8 106 12865
2 0 0 8 107 12876
2 0 0 8 108 13009
2 0 0 8 109 13104
2 0 0 8 110 13118
2 0 0 8 111 13248
2 0 0 8 112 13262
2 0 0 8 113 13422
2 0 0 8 114 13597
2 0 0 8 115 13643
2 0 0 8 116 13682
2 0 0 8 117 13724
2 0 0 8 118 13792
2 0 0 8 119 13910
2 0 0 8 120 13991
2 0 0 8 121 14175
2 0 0 8 122 14195
2 0 0 8 123 14218
2 0 0 8 124 14234
2 0 0 8 125 14268
2 0 0 8 126 14282
2 0 0 8 127 14463
2 0 0 8 0 13438
2 0 0 8 1 13453
2 0 0 8 2 13758
2 0 0 8 3 13887
2 0 0 8 4 13894
2 0 0 8 5 13897
2 0 0 8 6 13933
2 0 0 8 7 14009
2 0 0 8 8 14070
2 0 0 8 9 14176
2 0 0 8 10 14231
2 0 0 8 11 14237
2 0 0 8 12 14432
2 0 0 8 13 14451
2 0 0 8 14 14507
2 0 0 8 15 14564
2 0 0 8 16 14576
2 0 0 8 17 14708
2 0 0 8 18 14827
2 0 0 8 19 14882
2 0 0 8 20 14905
2 0 0 8 21 14921
2 0 0 8 22 14950
2 0 0 8 23 15039
2 0 0 8 24 15098
2 0 0 8 25 15169
2 0 0 8 26 15202
2 0 0 8 27 15249
2 0 0 8 28 15252
2 0 0 8 29 15255
2 0 0 8 30 15312
2 0 0 8 31 15332
2 0 0 8 32 13996
2 0 0 8 33 13999
2 0 0 8 34 14022
2 0 0 8 35 14033
2 0 0 8 36 14101
2 0 0 8 37 14119
2 0 0 8 38 14165
2 0 0 8 39 14174
2 0 0 8 40 14233
2 0 0 8 41 14269
2 0 0 8 42 14288
2 0 0 8 43 14360
2 0 0 8 44 14362
2 0 0 8 45 14367
2 0 0 8 46 14459
2 0 0 8 47 14501
2 0 0 8 48 14511
2 0 0 8 49 14542
2 0 0 8 50 14611
2 0 0 8 51 14641
2 0 0 8 52 14656
2 0 0 8 53 14766
2 0 0 8 54 14810
2 0 0 8 55 14828
2 0 0 8 56 14848
2 0 0 8 57 14853
2 0 0 8 58 14858
2 0 0 8 59 14859
2 0 0 8 60 15050
2 0 0 8 61 15069
2 0 0 8 62 15083
2 0 0 8 63 15100
2 0 0 8 128 12389
2 0 0 8 129 12474
2 0 0 8 130 12482
2 0 0 8 131 12520
2 0 0 8 132 12565
2 0 0 8 133 12584
2 0 0 8 134 12633
2 0 0 8 135 12682
2 0 0 8 136 12748
2 0 0 8 137 12750
2 0 0 8 138 12762
2 0 0 8 139 12804
2 0 0 8 140 12857
2 0 0 8 141 13040
2 0 0 8 142 13070
2 0 0 8 143 13110
2 0 0 8 144 13136
2 0 0 8 145 13221
2 0 0 8 146 13249
2 0 0 8 147 13270
2 0 0 8 148 13273
2 0 0 8 149 13283
2 0 0 8 150 13300
2 0 0 8 151 13383
2 0 0 8 152 13410
2 0 0 8 153 13422
2 0 0 8 154 13460
2 0 0 8 155 13594
2 0 0 8 156 13602
2 0 0 8 157 13702
2 0 0 8 158 13769
2 0 0 8 159 13773
2 0 0 8 160 12868
2 0 0 8 161 12905
2 0 0 8 162 12924
2 0 0 8 163 12927
2 0 0 8 164 12931
2 0 0 8 165 12939
2 0 0 8 166 12940
2 0 0 8 167 13001
2 0 0 8 168 13019
2 0 0 8 169 13117
2 0 0 8 170 13127
2 0 0 8 171 13139
2 0 0 8 172 13167
2 0 0 8 173 13172
2 0 0 8 174 13189
2 0 0 8 175 13322
2 0 0 8 176 13449
2 0 0 8 177 13529
2 0 0 8 178 13558
2 0 0 8 179 13602
2 0 0 8 180 13651
2 0 0 8 181 13753
2 0 0 8 182 13862
2 0 0 8 183 13978
2 0 0 8 184 14064
2 0 0 8 185 14138
2 0 0 8 186 14383
2 0 0 8 187 14393
2 0 0 8 188 14478
2 0 0 8 189 14550
2 0 0 8 190 14618
2 0 0 8 191 14678
2 0 0 8 64 14138
2 0 0 8 65 14172
2 0 0 8 66 14201
2 0 0 8 67 14250
2 0 0 8 68 14254
2 0 0 8 69 14284
2 0 0 8 70 14332
2 0 0 8 71 14361
2 0 0 8 72 14374
2 0 0 8 73 14392
2 0 0 8 74 14456
2 0 0 8 75 14459
2 0 0 8 76 14460
2 0 0 8 77 14543
2 0 0 8 78 14560
2 0 0 8 79 14615
2 0 0 8 80 14623
2 0 0 8 81 14635
2 0 0 8 82 14709
2 0 0 8 83 14724
2 0 0 8 84 14730
2 0 0 8 85 14905
2 0 0 8 86 14984
2 0 0 8 87 15094
2 0 0 8 88 15171
2 0 0 8 89 15210
2 0 0 8 90 15225
2 0 0 8 91 15320
2 0 0 8 92 15323
2 0 0 8 93 15324
2 0 0 8 94 15387
2 0 0 8 95 15398
2 0 0 9 64 15425
2 0 0 9 65 15428
2 0 0 9 66 15554
2 0 0 9 67 15569
2 0 0 9 68 15600
2 0 0 9 69 15693
2 0 0 9 70 15776
2 0 0 9 71 15848
2 0 0 9 72 15901
2 0 0 9 73 15942
2 0 0 9 74 16097
2 0 0 9 0 15354
2 0 0 9 1 15366
2 0 0 9 2 15530
2 0 0 9 3 15541
2 0 0 9 4 15792
2 0 0 9 5 15886
2 0 0 9 6 15893
2 0 0 9 7 15904
2 0 0 9 8 16010
2 0 0 9 9 16036
2 0 0 9 32 15110
2 0 0 9 33 15249
2 0 0 9 34 15254
2 0 0 9 35 15280
2 0 0 9 36 15316
2 0 0 9 37 15484
2 0 0 9 38 15489
2 0 0 9 39 15551
2 0 0 9 40 15557
2 0 0 9 41 15856
2 0 0 9 42 15894
2 0 0 9 43 15927
2 0 0 9 44 15936
2 0 0 9 45 15987
2 0 0 9 46 16015
2 0 0 9 47 16033
2 0 0 9 48 16055
2 0 0 9 49 16056
2 0 0 9 50 16075
2 0 0 9 51 16093
2 0 0 9 160 14689
2 0 0 9 161 14855
2 0 0 9 162 15014
2 0 0 9 163 15114
2 0 0 9 164 15135
2 0 0 9 165 15150
2 0 0 9 166 15228
2 0 0 9 167 15278
2 0 0 9 168 15310
2 0 0 9 169 15341
2 0 0 9 170 15413
2 0 0 9 171 15613
2 0 0 9 172 15679
2 0 0 9 173 15727
2 0 0 9 174 15734
2 0 0 9 175 15738
2 0 0 9 176 15760
2 0 0 9 177 15804
2 0 0 9 178 15846
2 0 0 9 179 15859
2 0 0 9 180 15868
2 0 0 9 181 16018
2 0 0 9 182 16037
2 0 0 9 183 16055
2 0 0 9 192 13708
2 0 0 9 193 13825
2 0 0 9 194 13834
2 0 0 9 195 13857
2 0 0 9 196 13868
2 0 0 9 197 13870
2 0 0 9 198 13917
2 0 0 9 199 13934
2 0 0 9 200 13990
2 0 0 9 201 14009
2 0 0 9 202 14071
2 0 0 9 203 14100
2 0 0 9 204 14173
2 0 0 9 205 14237
2 0 0 9 206 14364
2 0 0 9 207 14519
2 0 0 9 208 14604
2 0 0 9 209 14634
2 0 0 9 210 14652
2 0 0 9 211 14664
2 0 0 9 212 14873
2 0 0 9 213 14947
2 0 0 9 214 15019
2 0 0 9 215 15120
2 0 0 9 216 15189
2 0 0 9 217 15221
2 0 0 9 218 15223
2 0 0 9 219 15266
2 0 0 9 220 15393
2 0 0 9 221 15396
2 0 0 9 222 15422
2 0 0 9 223 15462
2 0 0 9 128 13821
2 0 0 9 129 13834
2 0 0 9 130 13868
2 0 0 9 131 13915
2 0 0 9 132 13932
2 0 0 9 133 14036
2 0 0 9 134 14044
2 0 0 9 135 14051
2 0 0 9 136 14061
2 0 0 9 137 14073
2 0 0 9 138 14140
2 0 0 9 139 14144
2 0 0 9 140 14217
2 0 0 9 141 14414
2 0 0 9 142 14425
2 0 0 9 143 14534
2 0 0 9 144 14570
2 0 0 9 145 14573
2 0 0 9 146 14660
2 0 0 9 147 14700
2 0 0 9 148 14723
2 0 0 9 149 14758
2 0 0 9 150 14764
2 0 0 9 151 14822
2 0 0 9 152 15041
2 0 0 9 153 15102
2 0 0 9 154 15141
2 0 0 9 155 15214
2 0 0 9 156 15294
2 0 0 9 157 15302
2 0 0 9 158 15326
2 0 0 9 159 15447
2 0 0 9 224 13203
2 0 0 9 225 13230
2 0 0 9 226 13273
2 0 0 9 227 13338
2 0 0 9 228 13342
2 0 0 9 229 13455
2 0 0 9 230 13460
2 0 0 9 231 13503
2 0 0 9 232 13583
2 0 0 9 233 13616
2 0 0 9 234 13637
2 0 0 9 235 13683
2 0 0 9 236 13736
2 0 0 9 237 13785
2 0 0 9 238 13793
2 0 0 9 239 13899
2 0 0 9 240 13936
2 0 0 9 241 13953
2 0 0 9 242 14064
2 0 0 9 243 14090
2 0 0 9 244 14161
2 0 0 9 245 14216
2 0 0 9 246 14282
2 0 0 9 247 14362
2 0 0 9 248 14443
2 0 0 9 249 14481
2 0 0 9 250 14549
2 0 0 9 251 14662
2 0 0 9 252 14663
2 0 0 9 253 14703
2 0 0 9 254 14758
2 0 0 9 255 14780
2 0 0 9 96 14532
2 0 0 9 97 14694
2 0 0 9 98 14697
2 0 0 9 99 14773
2 0 0 9 100 14893
2 0 0 9 101 14919
2 0 0 9 102 14925
2 0 0 9 103 14927
2 0 0 9 104 14962
2 0 0 9 105 15069
2 0 0 9 106 15313
2 0 0 9 107 15395
2 0 0 9 108 15416
2 0 0 9 109 15437
2 0 0 9 110 15509
2 0 0 9 111 15516
2 0 0 9 112 15588
2 0 0 9 113 15637
2 0 0 9 114 15700
2 0 0 9 115 15731
2 0 0 9 116 15737
2 0 0 9 117 15778
2 0 0 9 118 15791
2 0 0 9 119 15798
2 0 0 9 120 15867
2 0 0 9 121 15869
2 0 0 9 122 15904
2 0 0 9 123 15919
2 0 0 9 124 15958
2 0 0 9 125 15975
2 0 0 9 126 16015
2 0 0 9 127 16094
2 0 0 10 192 15476
2 0 0 10 193 15518
2 0 0 10 194 15522
2 0 0 10 195 15721
2 0 0 10 196 15848
2 0 0 10 197 15977
2 0 0 10 198 16008
2 0 0 10 199 16037
2 0 0 10 200 16073
2 0 0 10 201 16099
2 0 0 10 202 16105
2 0 0 10 203 16110
2 0 0 10 204 16111
2 0 0 10 128 15456
2 0 0 10 129 15457
2 0 0 10 130 15478
2 0 0 10 131 15508
2 0 0 10 132 15595
2 0 0 10 133 15616
2 0 0 10 134 15648
2 0 0 10 135 15681
2 0 0 10 136 15685
2 0 0 10 137 15690
2 0 0 10 138 15702
2 0 0 10 139 15724
2 0 0 10 140 15790
2 0 0 10 141 15870
2 0 0 10 142 16123
2 0 0 10 224 14797
2 0 0 10 225 14814
2 0 0 10 226 14841
2 0 0 10 227 14899
2 0 0 10 228 14931
2 0 0 10 229 14934
2 0 0 10 230 14938
2 0 0 10 231 15078
2 0 0 10 232 15139
2 0 0 10 233 15259
2 0 0 10 234 15407
2 0 0 10 235 15415
2 0 0 10 236 15568
2 0 0 10 237 15587
2 0 0 10 238 15594
2 0 0 10 239 15642
2 0 0 10 240 15715
2 0 0 10 241 15718
2 0 0 10 242 15797
2 0 0 10 243 15802
2 0 0 10 244 15941
2 0 0 10 245 15946
2 0 0 10 246 16087
2 0 0 10 247 16107
kernel exe time: 0.279731
spmv passed
