0 0 0 0 0 12
0 0 0 0 1 52
0 0 0 0 2 176
0 0 0 0 3 225
0 0 0 0 4 336
0 0 0 0 5 341
0 0 0 0 6 383
0 0 0 0 7 402
0 0 0 0 8 471
0 0 0 0 9 473
0 0 0 0 10 592
0 0 0 0 11 598
0 0 0 0 12 614
0 0 0 0 13 636
0 0 0 0 14 693
0 0 0 0 15 757
0 0 0 0 16 805
0 0 0 0 17 808
0 0 0 0 18 955
0 0 0 0 19 1061
0 0 0 0 20 1130
0 0 0 0 21 1275
0 0 0 0 22 1276
0 0 0 0 23 1428
0 0 0 0 24 1604
0 0 0 0 25 1784
0 0 0 0 26 1789
0 0 0 0 27 1791
0 0 0 0 28 1836
0 0 0 0 29 1905
0 0 0 0 30 2009
0 0 0 0 31 2194
1 0 0 0 0 0
1 0 0 0 1 1
1 0 0 0 2 2
1 0 0 0 3 3
1 0 0 0 4 4
1 0 0 0 5 5
1 0 0 0 6 6
1 0 0 0 7 7
1 0 0 0 8 8
1 0 0 0 9 9
1 0 0 0 10 10
1 0 0 0 11 11
1 0 0 0 12 12
1 0 0 0 13 13
1 0 0 0 14 14
1 0 0 0 15 15
1 0 0 0 16 16
1 0 0 0 17 17
1 0 0 0 18 18
1 0 0 0 19 19
1 0 0 0 20 20
1 0 0 0 21 21
1 0 0 0 22 22
1 0 0 0 23 23
1 0 0 0 24 24
1 0 0 0 25 25
1 0 0 0 26 26
1 0 0 0 27 27
1 0 0 0 28 28
1 0 0 0 29 29
1 0 0 0 30 30
1 0 0 0 31 31
0 0 0 1 0 2241
0 0 0 1 1 2293
0 0 0 1 2 2381
0 0 0 1 3 2414
0 0 0 1 4 2448
0 0 0 1 5 2455
0 0 0 1 6 2464
0 0 0 1 7 2524
0 0 0 1 8 2610
0 0 0 1 9 2653
0 0 0 1 10 2690
0 0 0 1 11 2714
0 0 0 1 12 2724
0 0 0 1 13 2727
0 0 0 1 14 2757
0 0 0 1 15 2934
0 0 0 1 16 2966
0 0 0 1 17 3001
0 0 0 1 18 3055
0 0 0 1 19 3116
0 0 0 1 20 3126
0 0 0 1 21 3201
0 0 0 1 22 3377
0 0 0 1 23 3418
0 0 0 1 24 3598
0 0 0 1 25 3646
0 0 0 1 26 3652
0 0 0 1 27 3754
0 0 0 1 28 3780
0 0 0 1 29 3919
0 0 0 1 30 3921
0 0 0 1 31 3982
1 0 0 1 0 32
1 0 0 1 1 33
1 0 0 1 2 34
1 0 0 1 3 35
1 0 0 1 4 36
1 0 0 1 5 37
1 0 0 1 6 38
1 0 0 1 7 39
1 0 0 1 8 40
1 0 0 1 9 41
1 0 0 1 10 42
1 0 0 1 11 43
1 0 0 1 12 44
1 0 0 1 13 45
1 0 0 1 14 46
1 0 0 1 15 47
1 0 0 1 16 48
1 0 0 1 17 49
1 0 0 1 18 50
1 0 0 1 19 51
1 0 0 1 20 52
1 0 0 1 21 53
1 0 0 1 22 54
1 0 0 1 23 55
1 0 0 1 24 56
1 0 0 1 25 57
1 0 0 1 26 58
1 0 0 1 27 59
1 0 0 1 28 60
1 0 0 1 29 61
1 0 0 1 30 62
1 0 0 1 31 63
0 0 0 2 0 4094
0 0 0 2 1 4247
0 0 0 2 2 4294
0 0 0 2 3 4436
0 0 0 2 4 4663
0 0 0 2 5 4669
0 0 0 2 6 4693
0 0 0 2 7 4754
0 0 0 2 8 4776
0 0 0 2 9 4797
0 0 0 2 10 4870
0 0 0 2 11 4927
0 0 0 2 12 4935
0 0 0 2 13 4937
0 0 0 2 14 4955
0 0 0 2 15 4978
0 0 0 2 16 5060
0 0 0 2 17 5066
0 0 0 2 18 5177
0 0 0 2 19 5197
0 0 0 2 20 5244
0 0 0 2 21 5290
0 0 0 2 22 5337
0 0 0 2 23 5343
0 0 0 2 24 5347
0 0 0 2 25 5389
0 0 0 2 26 5454
0 0 0 2 27 5658
0 0 0 2 28 5671
0 0 0 2 29 5729
0 0 0 2 30 5764
0 0 0 2 31 5794
1 0 0 2 0 64
1 0 0 2 1 65
1 0 0 2 2 66
1 0 0 2 3 67
1 0 0 2 4 68
1 0 0 2 5 69
1 0 0 2 6 70
1 0 0 2 7 71
1 0 0 2 8 72
1 0 0 2 9 73
1 0 0 2 10 74
1 0 0 2 11 75
1 0 0 2 12 76
1 0 0 2 13 77
1 0 0 2 14 78
1 0 0 2 15 79
1 0 0 2 16 80
1 0 0 2 17 81
1 0 0 2 18 82
1 0 0 2 19 83
1 0 0 2 20 84
1 0 0 2 21 85
1 0 0 2 22 86
1 0 0 2 23 87
1 0 0 2 24 88
1 0 0 2 25 89
1 0 0 2 26 90
1 0 0 2 27 91
1 0 0 2 28 92
1 0 0 2 29 93
1 0 0 2 30 94
1 0 0 2 31 95
0 0 0 3 0 5823
0 0 0 3 1 5971
0 0 0 3 2 6005
0 0 0 3 3 6028
0 0 0 3 4 6040
0 0 0 3 5 6046
0 0 0 3 6 6141
0 0 0 3 7 6164
0 0 0 3 8 6225
0 0 0 3 9 6228
0 0 0 3 10 6324
0 0 0 3 11 6328
0 0 0 3 12 6393
0 0 0 3 13 6408
0 0 0 3 14 6416
0 0 0 3 15 6472
0 0 0 3 16 6479
0 0 0 3 17 6611
0 0 0 3 18 6698
0 0 0 3 19 6756
0 0 0 3 20 6758
0 0 0 3 21 6826
0 0 0 3 22 6842
0 0 0 3 23 6887
0 0 0 3 24 7097
0 0 0 3 25 7122
0 0 0 3 26 7142
0 0 0 3 27 7191
0 0 0 3 28 7231
0 0 0 3 29 7246
0 0 0 3 30 7276
0 0 0 3 31 7297
1 0 0 3 0 96
1 0 0 3 1 97
1 0 0 3 2 98
1 0 0 3 3 99
1 0 0 3 4 100
1 0 0 3 5 101
1 0 0 3 6 102
1 0 0 3 7 103
1 0 0 3 8 104
1 0 0 3 9 105
1 0 0 3 10 106
1 0 0 3 11 107
1 0 0 3 12 108
1 0 0 3 13 109
1 0 0 3 14 110
1 0 0 3 15 111
1 0 0 3 16 112
1 0 0 3 17 113
1 0 0 3 18 114
1 0 0 3 19 115
1 0 0 3 20 116
1 0 0 3 21 117
1 0 0 3 22 118
1 0 0 3 23 119
1 0 0 3 24 120
1 0 0 3 25 121
1 0 0 3 26 122
1 0 0 3 27 123
1 0 0 3 28 124
1 0 0 3 29 125
1 0 0 3 30 126
1 0 0 3 31 127
0 0 0 4 0 7330
0 0 0 4 1 7342
0 0 0 4 2 7684
0 0 0 4 3 7790
0 0 0 4 4 7829
0 0 0 4 5 7866
0 0 0 4 6 7899
0 0 0 4 7 7904
0 0 0 4 8 7909
0 0 0 4 9 8126
0 0 0 4 10 8164
0 0 0 4 11 8279
0 0 0 4 12 8294
0 0 0 4 13 8349
0 0 0 4 14 8368
0 0 0 4 15 8423
0 0 0 4 16 8456
0 0 0 4 17 8493
0 0 0 4 18 8541
0 0 0 4 19 8551
0 0 0 4 20 8583
0 0 0 4 21 8666
0 0 0 4 22 8681
0 0 0 4 23 8836
0 0 0 4 24 8855
0 0 0 4 25 9037
0 0 0 4 26 9093
0 0 0 4 27 9122
0 0 0 4 28 9193
0 0 0 4 29 9208
0 0 0 4 30 9238
0 0 0 4 31 9336
1 0 0 4 0 128
1 0 0 4 1 129
1 0 0 4 2 130
1 0 0 4 3 131
1 0 0 4 4 132
1 0 0 4 5 133
1 0 0 4 6 134
1 0 0 4 7 135
1 0 0 4 8 136
1 0 0 4 9 137
1 0 0 4 10 138
1 0 0 4 11 139
1 0 0 4 12 140
1 0 0 4 13 141
1 0 0 4 14 142
1 0 0 4 15 143
1 0 0 4 16 144
1 0 0 4 17 145
1 0 0 4 18 146
1 0 0 4 19 147
1 0 0 4 20 148
1 0 0 4 21 149
1 0 0 4 22 150
1 0 0 4 23 151
1 0 0 4 24 152
1 0 0 4 25 153
1 0 0 4 26 154
1 0 0 4 27 155
1 0 0 4 28 156
1 0 0 4 29 157
1 0 0 4 30 158
1 0 0 4 31 159
0 0 0 5 0 9383
0 0 0 5 1 9418
0 0 0 5 2 9442
0 0 0 5 3 9498
0 0 0 5 4 9583
0 0 0 5 5 9735
0 0 0 5 6 9887
0 0 0 5 7 9897
0 0 0 5 8 9948
0 0 0 5 9 9971
0 0 0 5 10 9984
0 0 0 5 11 10052
0 0 0 5 12 10074
0 0 0 5 13 10087
0 0 0 5 14 10091
0 0 0 5 15 10134
0 0 0 5 16 10149
0 0 0 5 17 10197
0 0 0 5 18 10300
0 0 0 5 19 10333
0 0 0 5 20 10463
0 0 0 5 21 10483
0 0 0 5 22 10533
0 0 0 5 23 10547
0 0 0 5 24 10578
0 0 0 5 25 10705
0 0 0 5 26 10803
0 0 0 5 27 10886
0 0 0 5 28 10910
0 0 0 5 29 10956
0 0 0 5 30 10966
0 0 0 5 31 10970
1 0 0 5 0 160
1 0 0 5 1 161
1 0 0 5 2 162
1 0 0 5 3 163
1 0 0 5 4 164
1 0 0 5 5 165
1 0 0 5 6 166
1 0 0 5 7 167
1 0 0 5 8 168
1 0 0 5 9 169
1 0 0 5 10 170
1 0 0 5 11 171
1 0 0 5 12 172
1 0 0 5 13 173
1 0 0 5 14 174
1 0 0 5 15 175
1 0 0 5 16 176
1 0 0 5 17 177
1 0 0 5 18 178
1 0 0 5 19 179
1 0 0 5 20 180
1 0 0 5 21 181
1 0 0 5 22 182
1 0 0 5 23 183
1 0 0 5 24 184
1 0 0 5 25 185
1 0 0 5 26 186
1 0 0 5 27 187
1 0 0 5 28 188
1 0 0 5 29 189
1 0 0 5 30 190
1 0 0 5 31 191
0 0 0 6 0 11067
0 0 0 6 1 11102
0 0 0 6 2 11176
0 0 0 6 3 11218
0 0 0 6 4 11250
0 0 0 6 5 11304
0 0 0 6 6 11347
0 0 0 6 7 11368
0 0 0 6 8 11427
0 0 0 6 9 11480
0 0 0 6 10 11517
0 0 0 6 11 11541
0 0 0 6 12 11852
0 0 0 6 13 11856
0 0 0 6 14 11873
0 0 0 6 15 12000
0 0 0 6 16 12053
0 0 0 6 17 12074
0 0 0 6 18 12180
0 0 0 6 19 12182
0 0 0 6 20 12185
0 0 0 6 21 12188
0 0 0 6 22 12249
0 0 0 6 23 12271
0 0 0 6 24 12363
0 0 0 6 25 12515
0 0 0 6 26 12539
0 0 0 6 27 12569
0 0 0 6 28 12595
0 0 0 6 29 12850
0 0 0 6 30 12871
0 0 0 6 31 12900
1 0 0 6 0 192
1 0 0 6 1 193
1 0 0 6 2 194
1 0 0 6 3 195
1 0 0 6 4 196
1 0 0 6 5 197
1 0 0 6 6 198
1 0 0 6 7 199
1 0 0 6 8 200
1 0 0 6 9 201
1 0 0 6 10 202
1 0 0 6 11 203
1 0 0 6 12 204
1 0 0 6 13 205
1 0 0 6 14 206
1 0 0 6 15 207
1 0 0 6 16 208
1 0 0 6 17 209
1 0 0 6 18 210
1 0 0 6 19 211
1 0 0 6 20 212
1 0 0 6 21 213
1 0 0 6 22 214
1 0 0 6 23 215
1 0 0 6 24 216
1 0 0 6 25 217
1 0 0 6 26 218
1 0 0 6 27 219
1 0 0 6 28 220
1 0 0 6 29 221
1 0 0 6 30 222
1 0 0 6 31 223
0 0 0 7 0 12984
0 0 0 7 1 13009
0 0 0 7 2 13031
0 0 0 7 3 13098
0 0 0 7 4 13258
0 0 0 7 5 13261
0 0 0 7 6 13325
0 0 0 7 7 13352
0 0 0 7 8 13365
0 0 0 7 9 13423
0 0 0 7 10 13455
0 0 0 7 11 13465
0 0 0 7 12 13491
0 0 0 7 13 13594
0 0 0 7 14 13619
0 0 0 7 15 13731
0 0 0 7 16 13747
0 0 0 7 17 13778
0 0 0 7 18 13857
0 0 0 7 19 13932
0 0 0 7 20 14005
0 0 0 7 21 14108
0 0 0 7 22 14143
0 0 0 7 23 14183
0 0 0 7 24 14235
0 0 0 7 25 14351
0 0 0 7 26 14358
0 0 0 7 27 14399
0 0 0 7 28 14403
0 0 0 7 29 14423
0 0 0 7 30 14436
0 0 0 7 31 14460
1 0 0 7 0 224
1 0 0 7 1 225
1 0 0 7 2 226
1 0 0 7 3 227
1 0 0 7 4 228
1 0 0 7 5 229
1 0 0 7 6 230
1 0 0 7 7 231
1 0 0 7 8 232
1 0 0 7 9 233
1 0 0 7 10 234
1 0 0 7 11 235
1 0 0 7 12 236
1 0 0 7 13 237
1 0 0 7 14 238
1 0 0 7 15 239
1 0 0 7 16 240
1 0 0 7 17 241
1 0 0 7 18 242
1 0 0 7 19 243
1 0 0 7 20 244
1 0 0 7 21 245
1 0 0 7 22 246
1 0 0 7 23 247
1 0 0 7 24 248
1 0 0 7 25 249
1 0 0 7 26 250
1 0 0 7 27 251
1 0 0 7 28 252
1 0 0 7 29 253
1 0 0 7 30 254
1 0 0 7 31 255
0 0 0 8 0 14481
0 0 0 8 1 14539
0 0 0 8 2 14554
0 0 0 8 3 14561
0 0 0 8 4 14640
0 0 0 8 5 14688
0 0 0 8 6 14770
0 0 0 8 7 14772
0 0 0 8 8 14859
0 0 0 8 9 14898
0 0 0 8 10 14943
0 0 0 8 11 15001
0 0 0 8 12 15028
0 0 0 8 13 15033
0 0 0 8 14 15121
0 0 0 8 15 15174
0 0 0 8 16 15296
0 0 0 8 17 15316
0 0 0 8 18 15388
0 0 0 8 19 15392
0 0 0 8 20 15446
0 0 0 8 21 15458
0 0 0 8 22 15477
0 0 0 8 23 15487
0 0 0 8 24 15541
0 0 0 8 25 15562
0 0 0 8 26 15574
0 0 0 8 27 15680
0 0 0 8 28 15687
0 0 0 8 29 15712
0 0 0 8 30 15722
0 0 0 8 31 15734
1 0 0 8 0 256
1 0 0 8 1 257
1 0 0 8 2 258
1 0 0 8 3 259
1 0 0 8 4 260
1 0 0 8 5 261
1 0 0 8 6 262
1 0 0 8 7 263
1 0 0 8 8 264
1 0 0 8 9 265
1 0 0 8 10 266
1 0 0 8 11 267
1 0 0 8 12 268
1 0 0 8 13 269
1 0 0 8 14 270
1 0 0 8 15 271
1 0 0 8 16 272
1 0 0 8 17 273
1 0 0 8 18 274
1 0 0 8 19 275
1 0 0 8 20 276
1 0 0 8 21 277
1 0 0 8 22 278
1 0 0 8 23 279
1 0 0 8 24 280
1 0 0 8 25 281
1 0 0 8 26 282
1 0 0 8 27 283
1 0 0 8 28 284
1 0 0 8 29 285
1 0 0 8 30 286
1 0 0 8 31 287
0 0 0 9 0 15775
0 0 0 9 1 15822
0 0 0 9 2 15878
0 0 0 9 3 15883
0 0 0 9 4 15884
0 0 0 9 5 15901
0 0 0 9 6 15913
0 0 0 9 7 15968
0 0 0 9 8 16039
0 0 0 9 9 16051
0 0 0 9 10 16101
0 0 0 9 11 16122
0 0 0 9 12 16123
1 0 0 9 0 288
1 0 0 9 1 289
1 0 0 9 2 290
1 0 0 9 3 291
1 0 0 9 4 292
1 0 0 9 5 293
1 0 0 9 6 294
1 0 0 9 7 295
1 0 0 9 8 296
1 0 0 9 9 297
1 0 0 9 10 298
1 0 0 9 11 299
1 0 0 9 12 300
