2 1 0 0 0 0
2 1 0 1 0 16
2 1 0 2 0 32
2 1 0 3 0 48
2 1 0 4 0 64
2 1 0 5 0 80
2 1 0 6 0 96
2 1 0 7 0 112
2 1 0 0 16 3072
2 1 0 1 16 3088
2 1 0 2 16 3104
2 1 0 3 16 3120
2 1 0 4 16 3136
2 1 0 5 16 3152
2 1 0 6 16 3168
2 1 0 7 16 3184
2 1 0 0 32 6144
2 1 0 1 32 6160
2 1 0 2 32 6176
2 1 0 3 32 6192
2 1 0 4 32 6208
2 1 0 5 32 6224
2 1 0 6 32 6240
2 1 0 7 32 6256
2 1 0 0 48 9216
2 1 0 1 48 9232
2 1 0 2 48 9248
2 1 0 3 48 9264
2 1 0 4 48 9280
2 1 0 5 48 9296
2 1 0 6 48 9312
2 1 0 7 48 9328
2 1 0 0 1 1
2 1 0 1 1 17
2 1 0 2 1 33
2 1 0 3 1 49
2 1 0 4 1 65
2 1 0 5 1 81
2 1 0 6 1 97
2 1 0 7 1 113
2 1 0 0 17 3073
2 1 0 1 17 3089
2 1 0 2 17 3105
2 1 0 3 17 3121
2 1 0 4 17 3137
2 1 0 5 17 3153
2 1 0 6 17 3169
2 1 0 7 17 3185
2 1 0 0 33 6145
2 1 0 1 33 6161
2 1 0 2 33 6177
2 1 0 3 33 6193
2 1 0 4 33 6209
2 1 0 5 33 6225
2 1 0 6 33 6241
2 1 0 7 33 6257
2 1 0 0 49 9217
2 1 0 1 49 9233
2 1 0 2 49 9249
2 1 0 3 49 9265
2 1 0 4 49 9281
2 1 0 5 49 9297
2 1 0 6 49 9313
2 1 0 7 49 9329
2 1 0 0 2 2
2 1 0 1 2 18
2 1 0 2 2 34
2 1 0 3 2 50
2 1 0 4 2 66
2 1 0 5 2 82
2 1 0 6 2 98
2 1 0 7 2 114
2 1 0 0 18 3074
2 1 0 1 18 3090
2 1 0 2 18 3106
2 1 0 3 18 3122
2 1 0 4 18 3138
2 1 0 5 18 3154
2 1 0 6 18 3170
2 1 0 7 18 3186
2 1 0 0 34 6146
2 1 0 1 34 6162
2 1 0 2 34 6178
2 1 0 3 34 6194
2 1 0 4 34 6210
2 1 0 5 34 6226
2 1 0 6 34 6242
2 1 0 7 34 6258
2 1 0 0 50 9218
2 1 0 1 50 9234
2 1 0 2 50 9250
2 1 0 3 50 9266
2 1 0 4 50 9282
2 1 0 5 50 9298
2 1 0 6 50 9314
2 1 0 7 50 9330
2 1 0 0 3 3
2 1 0 1 3 19
2 1 0 2 3 35
2 1 0 3 3 51
2 1 0 4 3 67
2 1 0 5 3 83
2 1 0 6 3 99
2 1 0 7 3 115
2 1 0 0 19 3075
2 1 0 1 19 3091
2 1 0 2 19 3107
2 1 0 3 19 3123
2 1 0 4 19 3139
2 1 0 5 19 3155
2 1 0 6 19 3171
2 1 0 7 19 3187
2 1 0 0 35 6147
2 1 0 1 35 6163
2 1 0 2 35 6179
2 1 0 3 35 6195
2 1 0 4 35 6211
2 1 0 5 35 6227
2 1 0 6 35 6243
2 1 0 7 35 6259
2 1 0 0 51 9219
2 1 0 1 51 9235
2 1 0 2 51 9251
2 1 0 3 51 9267
2 1 0 4 51 9283
2 1 0 5 51 9299
2 1 0 6 51 9315
2 1 0 7 51 9331
2 1 0 0 4 4
2 1 0 1 4 20
2 1 0 2 4 36
2 1 0 3 4 52
2 1 0 4 4 68
2 1 0 5 4 84
2 1 0 6 4 100
2 1 0 7 4 116
2 1 0 0 20 3076
2 1 0 1 20 3092
2 1 0 2 20 3108
2 1 0 3 20 3124
2 1 0 4 20 3140
2 1 0 5 20 3156
2 1 0 6 20 3172
2 1 0 7 20 3188
2 1 0 0 36 6148
2 1 0 1 36 6164
2 1 0 2 36 6180
2 1 0 3 36 6196
2 1 0 4 36 6212
2 1 0 5 36 6228
2 1 0 6 36 6244
2 1 0 7 36 6260
2 1 0 0 52 9220
2 1 0 1 52 9236
2 1 0 2 52 9252
2 1 0 3 52 9268
2 1 0 4 52 9284
2 1 0 5 52 9300
2 1 0 6 52 9316
2 1 0 7 52 9332
2 1 0 0 5 5
2 1 0 1 5 21
2 1 0 2 5 37
2 1 0 3 5 53
2 1 0 4 5 69
2 1 0 5 5 85
2 1 0 6 5 101
2 1 0 7 5 117
2 1 0 0 21 3077
2 1 0 1 21 3093
2 1 0 2 21 3109
2 1 0 3 21 3125
2 1 0 4 21 3141
2 1 0 5 21 3157
2 1 0 6 21 3173
2 1 0 7 21 3189
2 1 0 0 37 6149
2 1 0 1 37 6165
2 1 0 2 37 6181
2 1 0 3 37 6197
2 1 0 4 37 6213
2 1 0 5 37 6229
2 1 0 6 37 6245
2 1 0 7 37 6261
2 1 0 0 53 9221
2 1 0 1 53 9237
2 1 0 2 53 9253
2 1 0 3 53 9269
2 1 0 4 53 9285
2 1 0 5 53 9301
2 1 0 6 53 9317
2 1 0 7 53 9333
2 1 0 0 6 6
2 1 0 1 6 22
2 1 0 2 6 38
2 1 0 3 6 54
2 1 0 4 6 70
2 1 0 5 6 86
2 1 0 6 6 102
2 1 0 7 6 118
2 1 0 0 22 3078
2 1 0 1 22 3094
2 1 0 2 22 3110
2 1 0 3 22 3126
2 1 0 4 22 3142
2 1 0 5 22 3158
2 1 0 6 22 3174
2 1 0 7 22 3190
2 1 0 0 38 6150
2 1 0 1 38 6166
2 1 0 2 38 6182
2 1 0 3 38 6198
2 1 0 4 38 6214
2 1 0 5 38 6230
2 1 0 6 38 6246
2 1 0 7 38 6262
2 1 0 0 54 9222
2 1 0 1 54 9238
2 1 0 2 54 9254
2 1 0 3 54 9270
2 1 0 4 54 9286
2 1 0 5 54 9302
2 1 0 6 54 9318
2 1 0 7 54 9334
2 1 0 0 7 7
2 1 0 1 7 23
2 1 0 2 7 39
2 1 0 3 7 55
2 1 0 4 7 71
2 1 0 5 7 87
2 1 0 6 7 103
2 1 0 7 7 119
2 1 0 0 23 3079
2 1 0 1 23 3095
2 1 0 2 23 3111
2 1 0 3 23 3127
2 1 0 4 23 3143
2 1 0 5 23 3159
2 1 0 6 23 3175
2 1 0 7 23 3191
2 1 0 0 39 6151
2 1 0 1 39 6167
2 1 0 2 39 6183
2 1 0 3 39 6199
2 1 0 4 39 6215
2 1 0 5 39 6231
2 1 0 6 39 6247
2 1 0 7 39 6263
2 1 0 0 55 9223
2 1 0 1 55 9239
2 1 0 2 55 9255
2 1 0 3 55 9271
2 1 0 4 55 9287
2 1 0 5 55 9303
2 1 0 6 55 9319
2 1 0 7 55 9335
2 1 0 0 8 8
2 1 0 1 8 24
2 1 0 2 8 40
2 1 0 3 8 56
2 1 0 4 8 72
2 1 0 5 8 88
2 1 0 6 8 104
2 1 0 7 8 120
2 1 0 0 24 3080
2 1 0 1 24 3096
2 1 0 2 24 3112
2 1 0 3 24 3128
2 1 0 4 24 3144
2 1 0 5 24 3160
2 1 0 6 24 3176
2 1 0 7 24 3192
2 1 0 0 40 6152
2 1 0 1 40 6168
2 1 0 2 40 6184
2 1 0 3 40 6200
2 1 0 4 40 6216
2 1 0 5 40 6232
2 1 0 6 40 6248
2 1 0 7 40 6264
2 1 0 0 56 9224
2 1 0 1 56 9240
2 1 0 2 56 9256
2 1 0 3 56 9272
2 1 0 4 56 9288
2 1 0 5 56 9304
2 1 0 6 56 9320
2 1 0 7 56 9336
2 1 0 0 9 9
2 1 0 1 9 25
2 1 0 2 9 41
2 1 0 3 9 57
2 1 0 4 9 73
2 1 0 5 9 89
2 1 0 6 9 105
2 1 0 7 9 121
2 1 0 0 25 3081
2 1 0 1 25 3097
2 1 0 2 25 3113
2 1 0 3 25 3129
2 1 0 4 25 3145
2 1 0 5 25 3161
2 1 0 6 25 3177
2 1 0 7 25 3193
2 1 0 0 41 6153
2 1 0 1 41 6169
2 1 0 2 41 6185
2 1 0 3 41 6201
2 1 0 4 41 6217
2 1 0 5 41 6233
2 1 0 6 41 6249
2 1 0 7 41 6265
2 1 0 0 57 9225
2 1 0 1 57 9241
2 1 0 2 57 9257
2 1 0 3 57 9273
2 1 0 4 57 9289
2 1 0 5 57 9305
2 1 0 6 57 9321
2 1 0 7 57 9337
2 1 0 0 10 10
2 1 0 1 10 26
2 1 0 2 10 42
2 1 0 3 10 58
2 1 0 4 10 74
2 1 0 5 10 90
2 1 0 6 10 106
2 1 0 7 10 122
2 1 0 0 26 3082
2 1 0 1 26 3098
2 1 0 2 26 3114
2 1 0 3 26 3130
2 1 0 4 26 3146
2 1 0 5 26 3162
2 1 0 6 26 3178
2 1 0 7 26 3194
2 1 0 0 42 6154
2 1 0 1 42 6170
2 1 0 2 42 6186
2 1 0 3 42 6202
2 1 0 4 42 6218
2 1 0 5 42 6234
2 1 0 6 42 6250
2 1 0 7 42 6266
2 1 0 0 58 9226
2 1 0 1 58 9242
2 1 0 2 58 9258
2 1 0 3 58 9274
2 1 0 4 58 9290
2 1 0 5 58 9306
2 1 0 6 58 9322
2 1 0 7 58 9338
2 1 0 0 11 11
2 1 0 1 11 27
2 1 0 2 11 43
2 1 0 3 11 59
2 1 0 4 11 75
2 1 0 5 11 91
2 1 0 6 11 107
2 1 0 7 11 123
2 1 0 0 27 3083
2 1 0 1 27 3099
2 1 0 2 27 3115
2 1 0 3 27 3131
2 1 0 4 27 3147
2 1 0 5 27 3163
2 1 0 6 27 3179
2 1 0 7 27 3195
2 1 0 0 43 6155
2 1 0 1 43 6171
2 1 0 2 43 6187
2 1 0 3 43 6203
2 1 0 4 43 6219
2 1 0 5 43 6235
2 1 0 6 43 6251
2 1 0 7 43 6267
2 1 0 0 59 9227
2 1 0 1 59 9243
2 1 0 2 59 9259
2 1 0 3 59 9275
2 1 0 4 59 9291
2 1 0 5 59 9307
2 1 0 6 59 9323
2 1 0 7 59 9339
2 1 0 0 12 12
2 1 0 1 12 28
2 1 0 2 12 44
2 1 0 3 12 60
2 1 0 4 12 76
2 1 0 5 12 92
2 1 0 6 12 108
2 1 0 7 12 124
2 1 0 0 28 3084
2 1 0 1 28 3100
2 1 0 2 28 3116
2 1 0 3 28 3132
2 1 0 4 28 3148
2 1 0 5 28 3164
2 1 0 6 28 3180
2 1 0 7 28 3196
2 1 0 0 44 6156
2 1 0 1 44 6172
2 1 0 2 44 6188
2 1 0 3 44 6204
2 1 0 4 44 6220
2 1 0 5 44 6236
2 1 0 6 44 6252
2 1 0 7 44 6268
2 1 0 0 60 9228
2 1 0 1 60 9244
2 1 0 2 60 9260
2 1 0 3 60 9276
2 1 0 4 60 9292
2 1 0 5 60 9308
2 1 0 6 60 9324
2 1 0 7 60 9340
2 1 0 0 13 13
2 1 0 1 13 29
2 1 0 2 13 45
2 1 0 3 13 61
2 1 0 4 13 77
2 1 0 5 13 93
2 1 0 6 13 109
2 1 0 7 13 125
2 1 0 0 29 3085
2 1 0 1 29 3101
2 1 0 2 29 3117
2 1 0 3 29 3133
2 1 0 4 29 3149
2 1 0 5 29 3165
2 1 0 6 29 3181
2 1 0 7 29 3197
2 1 0 0 45 6157
2 1 0 1 45 6173
2 1 0 2 45 6189
2 1 0 3 45 6205
2 1 0 4 45 6221
2 1 0 5 45 6237
2 1 0 6 45 6253
2 1 0 7 45 6269
2 1 0 0 61 9229
2 1 0 1 61 9245
2 1 0 2 61 9261
2 1 0 3 61 9277
2 1 0 4 61 9293
2 1 0 5 61 9309
2 1 0 6 61 9325
2 1 0 7 61 9341
2 1 0 0 14 14
2 1 0 1 14 30
2 1 0 2 14 46
2 1 0 3 14 62
2 1 0 4 14 78
2 1 0 5 14 94
2 1 0 6 14 110
2 1 0 7 14 126
2 1 0 0 30 3086
2 1 0 1 30 3102
2 1 0 2 30 3118
2 1 0 3 30 3134
2 1 0 4 30 3150
2 1 0 5 30 3166
2 1 0 6 30 3182
2 1 0 7 30 3198
2 1 0 0 46 6158
2 1 0 1 46 6174
2 1 0 2 46 6190
2 1 0 3 46 6206
2 1 0 4 46 6222
2 1 0 5 46 6238
2 1 0 6 46 6254
2 1 0 7 46 6270
2 1 0 0 62 9230
2 1 0 1 62 9246
2 1 0 2 62 9262
2 1 0 3 62 9278
2 1 0 4 62 9294
2 1 0 5 62 9310
2 1 0 6 62 9326
2 1 0 7 62 9342
2 1 0 0 15 15
2 1 0 1 15 31
2 1 0 2 15 47
2 1 0 3 15 63
2 1 0 4 15 79
2 1 0 5 15 95
2 1 0 6 15 111
2 1 0 7 15 127
2 1 0 0 31 3087
2 1 0 1 31 3103
2 1 0 2 31 3119
2 1 0 3 31 3135
2 1 0 4 31 3151
2 1 0 5 31 3167
2 1 0 6 31 3183
2 1 0 7 31 3199
2 1 0 0 47 6159
2 1 0 1 47 6175
2 1 0 2 47 6191
2 1 0 3 47 6207
2 1 0 4 47 6223
2 1 0 5 47 6239
2 1 0 6 47 6255
2 1 0 7 47 6271
2 1 0 0 63 9231
2 1 0 1 63 9247
2 1 0 2 63 9263
2 1 0 3 63 9279
2 1 0 4 63 9295
2 1 0 5 63 9311
2 1 0 6 63 9327
2 1 0 7 63 9343
