dimension 2 2 2
sizeof 4 4 4
block_X 17 3072 3072
block_Y 1 3072 3072
array_size 68 37748736 37748736
0 0 0 0 0 0
0 0 0 0 0 1
0 0 0 0 0 2
0 0 0 0 0 3
0 0 0 0 0 4
0 0 0 0 0 5
0 0 0 0 0 6
0 0 0 0 0 7
0 0 0 0 0 8
0 0 0 0 0 9
0 0 0 0 0 10
0 0 0 0 0 11
0 0 0 0 0 12
0 0 0 0 0 13
0 0 0 0 0 14
0 0 0 0 0 15
0 0 0 0 0 16
1 0 0 0 0 0
1 0 0 0 0 1
1 0 0 0 0 2
1 0 0 0 0 3
1 0 0 0 0 4
1 0 0 0 0 5
1 0 0 0 0 6
1 0 0 0 0 7
1 0 0 0 0 8
1 0 0 0 0 9
1 0 0 0 0 10
1 0 0 0 0 11
1 0 0 0 0 12
1 0 0 0 0 13
1 0 0 0 0 14
1 0 0 0 0 15
1 0 0 0 0 16
1 0 0 0 0 17
1 0 0 0 0 18
1 0 0 0 0 19
1 0 0 0 0 20
1 0 0 0 0 21
1 0 0 0 0 22
1 0 0 0 0 23
1 0 0 0 0 24
1 0 0 0 0 25
1 0 0 0 0 26
1 0 0 0 0 27
1 0 0 0 0 28
1 0 0 0 0 29
1 0 0 0 0 30
1 0 0 0 0 31
1 0 0 0 0 32
1 0 0 0 0 33
1 0 0 0 0 34
1 0 0 0 0 35
1 0 0 0 0 36
1 0 0 0 0 37
1 0 0 0 0 38
1 0 0 0 0 39
1 0 0 0 0 40
1 0 0 0 0 41
1 0 0 0 0 42
1 0 0 0 0 43
1 0 0 0 0 44
1 0 0 0 0 45
1 0 0 0 0 46
1 0 0 0 0 47
1 0 0 0 0 48
1 0 0 0 0 49
1 0 0 0 0 50
1 0 0 0 0 51
1 0 0 0 0 52
1 0 0 0 0 53
1 0 0 0 0 54
1 0 0 0 0 55
1 0 0 0 0 56
1 0 0 0 0 57
1 0 0 0 0 58
1 0 0 0 0 59
1 0 0 0 0 60
1 0 0 0 0 61
1 0 0 0 0 62
1 0 0 0 0 63
1 0 0 0 0 64
1 0 0 0 0 65
1 0 0 0 0 66
1 0 0 0 0 67
1 0 0 0 0 68
1 0 0 0 0 69
1 0 0 0 0 70
1 0 0 0 0 71
1 0 0 0 0 72
1 0 0 0 0 73
1 0 0 0 0 74
1 0 0 0 0 75
1 0 0 0 0 76
1 0 0 0 0 77
1 0 0 0 0 78
1 0 0 0 0 79
1 0 0 0 0 80
1 0 0 0 0 81
1 0 0 0 0 82
1 0 0 0 0 83
1 0 0 0 0 84
1 0 0 0 0 85
1 0 0 0 0 86
1 0 0 0 0 87
1 0 0 0 0 88
1 0 0 0 0 89
1 0 0 0 0 90
1 0 0 0 0 91
1 0 0 0 0 92
1 0 0 0 0 93
1 0 0 0 0 94
1 0 0 0 0 95
1 0 0 0 0 96
1 0 0 0 0 97
1 0 0 0 0 98
1 0 0 0 0 99
1 0 0 0 0 100
1 0 0 0 0 101
1 0 0 0 0 102
1 0 0 0 0 103
1 0 0 0 0 104
1 0 0 0 0 105
1 0 0 0 0 106
1 0 0 0 0 107
1 0 0 0 0 108
1 0 0 0 0 109
1 0 0 0 0 110
1 0 0 0 0 111
1 0 0 0 0 112
1 0 0 0 0 113
1 0 0 0 0 114
1 0 0 0 0 115
1 0 0 0 0 116
1 0 0 0 0 117
1 0 0 0 0 118
1 0 0 0 0 119
1 0 0 0 0 120
1 0 0 0 0 121
1 0 0 0 0 122
1 0 0 0 0 123
1 0 0 0 0 124
1 0 0 0 0 125
1 0 0 0 0 126
1 0 0 0 0 127
1 0 0 0 0 128
1 0 0 0 0 129
1 0 0 0 0 130
1 0 0 0 0 131
1 0 0 0 0 132
1 0 0 0 0 133
1 0 0 0 0 134
1 0 0 0 0 135
1 0 0 0 0 136
1 0 0 0 0 137
1 0 0 0 0 138
1 0 0 0 0 139
1 0 0 0 0 140
1 0 0 0 0 141
1 0 0 0 0 142
1 0 0 0 0 143
1 0 0 0 0 3072
1 0 0 0 0 3073
1 0 0 0 0 3074
1 0 0 0 0 3075
1 0 0 0 0 3076
1 0 0 0 0 3077
1 0 0 0 0 3078
1 0 0 0 0 3079
1 0 0 0 0 3080
1 0 0 0 0 3081
1 0 0 0 0 3082
1 0 0 0 0 3083
1 0 0 0 0 3084
1 0 0 0 0 3085
1 0 0 0 0 3086
1 0 0 0 0 3087
1 0 0 0 0 3088
1 0 0 0 0 3089
1 0 0 0 0 3090
1 0 0 0 0 3091
1 0 0 0 0 3092
1 0 0 0 0 3093
1 0 0 0 0 3094
1 0 0 0 0 3095
1 0 0 0 0 3096
1 0 0 0 0 3097
1 0 0 0 0 3098
1 0 0 0 0 3099
1 0 0 0 0 3100
1 0 0 0 0 3101
1 0 0 0 0 3102
1 0 0 0 0 3103
1 0 0 0 0 3104
1 0 0 0 0 3105
1 0 0 0 0 3106
1 0 0 0 0 3107
1 0 0 0 0 3108
1 0 0 0 0 3109
1 0 0 0 0 3110
1 0 0 0 0 3111
1 0 0 0 0 3112
1 0 0 0 0 3113
1 0 0 0 0 3114
1 0 0 0 0 3115
1 0 0 0 0 3116
1 0 0 0 0 3117
1 0 0 0 0 3118
1 0 0 0 0 3119
1 0 0 0 0 3120
1 0 0 0 0 3121
1 0 0 0 0 3122
1 0 0 0 0 3123
1 0 0 0 0 3124
1 0 0 0 0 3125
1 0 0 0 0 3126
1 0 0 0 0 3127
1 0 0 0 0 3128
1 0 0 0 0 3129
1 0 0 0 0 3130
1 0 0 0 0 3131
1 0 0 0 0 3132
1 0 0 0 0 3133
1 0 0 0 0 3134
1 0 0 0 0 3135
1 0 0 0 0 3136
1 0 0 0 0 3137
1 0 0 0 0 3138
1 0 0 0 0 3139
1 0 0 0 0 3140
1 0 0 0 0 3141
1 0 0 0 0 3142
1 0 0 0 0 3143
1 0 0 0 0 3144
1 0 0 0 0 3145
1 0 0 0 0 3146
1 0 0 0 0 3147
1 0 0 0 0 3148
1 0 0 0 0 3149
1 0 0 0 0 3150
1 0 0 0 0 3151
1 0 0 0 0 3152
1 0 0 0 0 3153
1 0 0 0 0 3154
1 0 0 0 0 3155
1 0 0 0 0 3156
1 0 0 0 0 3157
1 0 0 0 0 3158
1 0 0 0 0 3159
1 0 0 0 0 3160
1 0 0 0 0 3161
1 0 0 0 0 3162
1 0 0 0 0 3163
1 0 0 0 0 3164
1 0 0 0 0 3165
1 0 0 0 0 3166
1 0 0 0 0 3167
1 0 0 0 0 3168
1 0 0 0 0 3169
1 0 0 0 0 3170
1 0 0 0 0 3171
1 0 0 0 0 3172
1 0 0 0 0 3173
1 0 0 0 0 3174
1 0 0 0 0 3175
1 0 0 0 0 3176
1 0 0 0 0 3177
1 0 0 0 0 3178
1 0 0 0 0 3179
1 0 0 0 0 3180
1 0 0 0 0 3181
1 0 0 0 0 3182
1 0 0 0 0 3183
1 0 0 0 0 3184
1 0 0 0 0 3185
1 0 0 0 0 3186
1 0 0 0 0 3187
1 0 0 0 0 3188
1 0 0 0 0 3189
1 0 0 0 0 3190
1 0 0 0 0 3191
1 0 0 0 0 3192
1 0 0 0 0 3193
1 0 0 0 0 3194
1 0 0 0 0 3195
1 0 0 0 0 3196
1 0 0 0 0 3197
1 0 0 0 0 3198
1 0 0 0 0 3199
1 0 0 0 0 3200
1 0 0 0 0 3201
1 0 0 0 0 3202
1 0 0 0 0 3203
1 0 0 0 0 3204
1 0 0 0 0 3205
1 0 0 0 0 3206
1 0 0 0 0 3207
1 0 0 0 0 3208
1 0 0 0 0 3209
1 0 0 0 0 3210
1 0 0 0 0 3211
1 0 0 0 0 3212
1 0 0 0 0 3213
1 0 0 0 0 3214
1 0 0 0 0 3215
1 0 0 0 0 6144
1 0 0 0 0 6145
1 0 0 0 0 6146
1 0 0 0 0 6147
1 0 0 0 0 6148
1 0 0 0 0 6149
1 0 0 0 0 6150
1 0 0 0 0 6151
1 0 0 0 0 6152
1 0 0 0 0 6153
1 0 0 0 0 6154
1 0 0 0 0 6155
1 0 0 0 0 6156
1 0 0 0 0 6157
1 0 0 0 0 6158
1 0 0 0 0 6159
1 0 0 0 0 6160
1 0 0 0 0 6161
1 0 0 0 0 6162
1 0 0 0 0 6163
1 0 0 0 0 6164
1 0 0 0 0 6165
1 0 0 0 0 6166
1 0 0 0 0 6167
1 0 0 0 0 6168
1 0 0 0 0 6169
1 0 0 0 0 6170
1 0 0 0 0 6171
1 0 0 0 0 6172
1 0 0 0 0 6173
1 0 0 0 0 6174
1 0 0 0 0 6175
1 0 0 0 0 6176
1 0 0 0 0 6177
1 0 0 0 0 6178
1 0 0 0 0 6179
1 0 0 0 0 6180
1 0 0 0 0 6181
1 0 0 0 0 6182
1 0 0 0 0 6183
1 0 0 0 0 6184
1 0 0 0 0 6185
1 0 0 0 0 6186
1 0 0 0 0 6187
1 0 0 0 0 6188
1 0 0 0 0 6189
1 0 0 0 0 6190
1 0 0 0 0 6191
1 0 0 0 0 6192
1 0 0 0 0 6193
1 0 0 0 0 6194
1 0 0 0 0 6195
1 0 0 0 0 6196
1 0 0 0 0 6197
1 0 0 0 0 6198
1 0 0 0 0 6199
1 0 0 0 0 6200
1 0 0 0 0 6201
1 0 0 0 0 6202
1 0 0 0 0 6203
1 0 0 0 0 6204
1 0 0 0 0 6205
1 0 0 0 0 6206
1 0 0 0 0 6207
1 0 0 0 0 6208
1 0 0 0 0 6209
1 0 0 0 0 6210
1 0 0 0 0 6211
1 0 0 0 0 6212
1 0 0 0 0 6213
1 0 0 0 0 6214
1 0 0 0 0 6215
1 0 0 0 0 6216
1 0 0 0 0 6217
1 0 0 0 0 6218
1 0 0 0 0 6219
1 0 0 0 0 6220
1 0 0 0 0 6221
1 0 0 0 0 6222
1 0 0 0 0 6223
1 0 0 0 0 6224
1 0 0 0 0 6225
1 0 0 0 0 6226
1 0 0 0 0 6227
1 0 0 0 0 6228
1 0 0 0 0 6229
1 0 0 0 0 6230
1 0 0 0 0 6231
1 0 0 0 0 6232
1 0 0 0 0 6233
1 0 0 0 0 6234
1 0 0 0 0 6235
1 0 0 0 0 6236
1 0 0 0 0 6237
1 0 0 0 0 6238
1 0 0 0 0 6239
1 0 0 0 0 6240
1 0 0 0 0 6241
1 0 0 0 0 6242
1 0 0 0 0 6243
1 0 0 0 0 6244
1 0 0 0 0 6245
1 0 0 0 0 6246
1 0 0 0 0 6247
1 0 0 0 0 6248
1 0 0 0 0 6249
1 0 0 0 0 6250
1 0 0 0 0 6251
1 0 0 0 0 6252
1 0 0 0 0 6253
1 0 0 0 0 6254
1 0 0 0 0 6255
1 0 0 0 0 6256
1 0 0 0 0 6257
1 0 0 0 0 6258
1 0 0 0 0 6259
1 0 0 0 0 6260
1 0 0 0 0 6261
1 0 0 0 0 6262
1 0 0 0 0 6263
1 0 0 0 0 6264
1 0 0 0 0 6265
1 0 0 0 0 6266
1 0 0 0 0 6267
1 0 0 0 0 6268
1 0 0 0 0 6269
1 0 0 0 0 6270
1 0 0 0 0 6271
1 0 0 0 0 6272
1 0 0 0 0 6273
1 0 0 0 0 6274
1 0 0 0 0 6275
1 0 0 0 0 6276
1 0 0 0 0 6277
1 0 0 0 0 6278
1 0 0 0 0 6279
1 0 0 0 0 6280
1 0 0 0 0 6281
1 0 0 0 0 6282
1 0 0 0 0 6283
1 0 0 0 0 6284
1 0 0 0 0 6285
1 0 0 0 0 6286
1 0 0 0 0 6287
1 0 0 0 0 9216
1 0 0 0 0 9217
1 0 0 0 0 9218
1 0 0 0 0 9219
1 0 0 0 0 9220
1 0 0 0 0 9221
1 0 0 0 0 9222
1 0 0 0 0 9223
1 0 0 0 0 9224
1 0 0 0 0 9225
1 0 0 0 0 9226
1 0 0 0 0 9227
1 0 0 0 0 9228
1 0 0 0 0 9229
1 0 0 0 0 9230
1 0 0 0 0 9231
1 0 0 0 0 9232
1 0 0 0 0 9233
1 0 0 0 0 9234
1 0 0 0 0 9235
1 0 0 0 0 9236
1 0 0 0 0 9237
1 0 0 0 0 9238
1 0 0 0 0 9239
1 0 0 0 0 9240
1 0 0 0 0 9241
1 0 0 0 0 9242
1 0 0 0 0 9243
1 0 0 0 0 9244
1 0 0 0 0 9245
1 0 0 0 0 9246
1 0 0 0 0 9247
1 0 0 0 0 9248
1 0 0 0 0 9249
1 0 0 0 0 9250
1 0 0 0 0 9251
1 0 0 0 0 9252
1 0 0 0 0 9253
1 0 0 0 0 9254
1 0 0 0 0 9255
1 0 0 0 0 9256
1 0 0 0 0 9257
1 0 0 0 0 9258
1 0 0 0 0 9259
1 0 0 0 0 9260
1 0 0 0 0 9261
1 0 0 0 0 9262
1 0 0 0 0 9263
1 0 0 0 0 9264
1 0 0 0 0 9265
1 0 0 0 0 9266
1 0 0 0 0 9267
1 0 0 0 0 9268
1 0 0 0 0 9269
1 0 0 0 0 9270
1 0 0 0 0 9271
1 0 0 0 0 9272
1 0 0 0 0 9273
1 0 0 0 0 9274
1 0 0 0 0 9275
1 0 0 0 0 9276
1 0 0 0 0 9277
1 0 0 0 0 9278
1 0 0 0 0 9279
1 0 0 0 0 9280
1 0 0 0 0 9281
1 0 0 0 0 9282
1 0 0 0 0 9283
1 0 0 0 0 9284
1 0 0 0 0 9285
1 0 0 0 0 9286
1 0 0 0 0 9287
1 0 0 0 0 9288
1 0 0 0 0 9289
1 0 0 0 0 9290
1 0 0 0 0 9291
1 0 0 0 0 9292
1 0 0 0 0 9293
1 0 0 0 0 9294
1 0 0 0 0 9295
1 0 0 0 0 9296
1 0 0 0 0 9297
1 0 0 0 0 9298
1 0 0 0 0 9299
1 0 0 0 0 9300
1 0 0 0 0 9301
1 0 0 0 0 9302
1 0 0 0 0 9303
1 0 0 0 0 9304
1 0 0 0 0 9305
1 0 0 0 0 9306
1 0 0 0 0 9307
1 0 0 0 0 9308
1 0 0 0 0 9309
1 0 0 0 0 9310
1 0 0 0 0 9311
1 0 0 0 0 9312
1 0 0 0 0 9313
1 0 0 0 0 9314
1 0 0 0 0 9315
1 0 0 0 0 9316
1 0 0 0 0 9317
1 0 0 0 0 9318
1 0 0 0 0 9319
1 0 0 0 0 9320
1 0 0 0 0 9321
1 0 0 0 0 9322
1 0 0 0 0 9323
1 0 0 0 0 9324
1 0 0 0 0 9325
1 0 0 0 0 9326
1 0 0 0 0 9327
1 0 0 0 0 9328
1 0 0 0 0 9329
1 0 0 0 0 9330
1 0 0 0 0 9331
1 0 0 0 0 9332
1 0 0 0 0 9333
1 0 0 0 0 9334
1 0 0 0 0 9335
1 0 0 0 0 9336
1 0 0 0 0 9337
1 0 0 0 0 9338
1 0 0 0 0 9339
1 0 0 0 0 9340
1 0 0 0 0 9341
1 0 0 0 0 9342
1 0 0 0 0 9343
1 0 0 0 0 9344
1 0 0 0 0 9345
1 0 0 0 0 9346
1 0 0 0 0 9347
1 0 0 0 0 9348
1 0 0 0 0 9349
1 0 0 0 0 9350
1 0 0 0 0 9351
1 0 0 0 0 9352
1 0 0 0 0 9353
1 0 0 0 0 9354
1 0 0 0 0 9355
1 0 0 0 0 9356
1 0 0 0 0 9357
1 0 0 0 0 9358
1 0 0 0 0 9359
2 1 0 0 0 0
2 1 0 0 0 1
2 1 0 0 0 2
2 1 0 0 0 3
2 1 0 0 0 4
2 1 0 0 0 5
2 1 0 0 0 6
2 1 0 0 0 7
2 1 0 0 0 8
2 1 0 0 0 9
2 1 0 0 0 10
2 1 0 0 0 11
2 1 0 0 0 12
2 1 0 0 0 13
2 1 0 0 0 14
2 1 0 0 0 15
2 1 0 0 0 16
2 1 0 0 0 17
2 1 0 0 0 18
2 1 0 0 0 19
2 1 0 0 0 20
2 1 0 0 0 21
2 1 0 0 0 22
2 1 0 0 0 23
2 1 0 0 0 24
2 1 0 0 0 25
2 1 0 0 0 26
2 1 0 0 0 27
2 1 0 0 0 28
2 1 0 0 0 29
2 1 0 0 0 30
2 1 0 0 0 31
2 1 0 0 0 32
2 1 0 0 0 33
2 1 0 0 0 34
2 1 0 0 0 35
2 1 0 0 0 36
2 1 0 0 0 37
2 1 0 0 0 38
2 1 0 0 0 39
2 1 0 0 0 40
2 1 0 0 0 41
2 1 0 0 0 42
2 1 0 0 0 43
2 1 0 0 0 44
2 1 0 0 0 45
2 1 0 0 0 46
2 1 0 0 0 47
2 1 0 0 0 48
2 1 0 0 0 49
2 1 0 0 0 50
2 1 0 0 0 51
2 1 0 0 0 52
2 1 0 0 0 53
2 1 0 0 0 54
2 1 0 0 0 55
2 1 0 0 0 56
2 1 0 0 0 57
2 1 0 0 0 58
2 1 0 0 0 59
2 1 0 0 0 60
2 1 0 0 0 61
2 1 0 0 0 62
2 1 0 0 0 63
2 1 0 0 0 64
2 1 0 0 0 65
2 1 0 0 0 66
2 1 0 0 0 67
2 1 0 0 0 68
2 1 0 0 0 69
2 1 0 0 0 70
2 1 0 0 0 71
2 1 0 0 0 72
2 1 0 0 0 73
2 1 0 0 0 74
2 1 0 0 0 75
2 1 0 0 0 76
2 1 0 0 0 77
2 1 0 0 0 78
2 1 0 0 0 79
2 1 0 0 0 80
2 1 0 0 0 81
2 1 0 0 0 82
2 1 0 0 0 83
2 1 0 0 0 84
2 1 0 0 0 85
2 1 0 0 0 86
2 1 0 0 0 87
2 1 0 0 0 88
2 1 0 0 0 89
2 1 0 0 0 90
2 1 0 0 0 91
2 1 0 0 0 92
2 1 0 0 0 93
2 1 0 0 0 94
2 1 0 0 0 95
2 1 0 0 0 96
2 1 0 0 0 97
2 1 0 0 0 98
2 1 0 0 0 99
2 1 0 0 0 100
2 1 0 0 0 101
2 1 0 0 0 102
2 1 0 0 0 103
2 1 0 0 0 104
2 1 0 0 0 105
2 1 0 0 0 106
2 1 0 0 0 107
2 1 0 0 0 108
2 1 0 0 0 109
2 1 0 0 0 110
2 1 0 0 0 111
2 1 0 0 0 112
2 1 0 0 0 113
2 1 0 0 0 114
2 1 0 0 0 115
2 1 0 0 0 116
2 1 0 0 0 117
2 1 0 0 0 118
2 1 0 0 0 119
2 1 0 0 0 120
2 1 0 0 0 121
2 1 0 0 0 122
2 1 0 0 0 123
2 1 0 0 0 124
2 1 0 0 0 125
2 1 0 0 0 126
2 1 0 0 0 127
2 1 0 0 0 3072
2 1 0 0 0 3073
2 1 0 0 0 3074
2 1 0 0 0 3075
2 1 0 0 0 3076
2 1 0 0 0 3077
2 1 0 0 0 3078
2 1 0 0 0 3079
2 1 0 0 0 3080
2 1 0 0 0 3081
2 1 0 0 0 3082
2 1 0 0 0 3083
2 1 0 0 0 3084
2 1 0 0 0 3085
2 1 0 0 0 3086
2 1 0 0 0 3087
2 1 0 0 0 3088
2 1 0 0 0 3089
2 1 0 0 0 3090
2 1 0 0 0 3091
2 1 0 0 0 3092
2 1 0 0 0 3093
2 1 0 0 0 3094
2 1 0 0 0 3095
2 1 0 0 0 3096
2 1 0 0 0 3097
2 1 0 0 0 3098
2 1 0 0 0 3099
2 1 0 0 0 3100
2 1 0 0 0 3101
2 1 0 0 0 3102
2 1 0 0 0 3103
2 1 0 0 0 3104
2 1 0 0 0 3105
2 1 0 0 0 3106
2 1 0 0 0 3107
2 1 0 0 0 3108
2 1 0 0 0 3109
2 1 0 0 0 3110
2 1 0 0 0 3111
2 1 0 0 0 3112
2 1 0 0 0 3113
2 1 0 0 0 3114
2 1 0 0 0 3115
2 1 0 0 0 3116
2 1 0 0 0 3117
2 1 0 0 0 3118
2 1 0 0 0 3119
2 1 0 0 0 3120
2 1 0 0 0 3121
2 1 0 0 0 3122
2 1 0 0 0 3123
2 1 0 0 0 3124
2 1 0 0 0 3125
2 1 0 0 0 3126
2 1 0 0 0 3127
2 1 0 0 0 3128
2 1 0 0 0 3129
2 1 0 0 0 3130
2 1 0 0 0 3131
2 1 0 0 0 3132
2 1 0 0 0 3133
2 1 0 0 0 3134
2 1 0 0 0 3135
2 1 0 0 0 3136
2 1 0 0 0 3137
2 1 0 0 0 3138
2 1 0 0 0 3139
2 1 0 0 0 3140
2 1 0 0 0 3141
2 1 0 0 0 3142
2 1 0 0 0 3143
2 1 0 0 0 3144
2 1 0 0 0 3145
2 1 0 0 0 3146
2 1 0 0 0 3147
2 1 0 0 0 3148
2 1 0 0 0 3149
2 1 0 0 0 3150
2 1 0 0 0 3151
2 1 0 0 0 3152
2 1 0 0 0 3153
2 1 0 0 0 3154
2 1 0 0 0 3155
2 1 0 0 0 3156
2 1 0 0 0 3157
2 1 0 0 0 3158
2 1 0 0 0 3159
2 1 0 0 0 3160
2 1 0 0 0 3161
2 1 0 0 0 3162
2 1 0 0 0 3163
2 1 0 0 0 3164
2 1 0 0 0 3165
2 1 0 0 0 3166
2 1 0 0 0 3167
2 1 0 0 0 3168
2 1 0 0 0 3169
2 1 0 0 0 3170
2 1 0 0 0 3171
2 1 0 0 0 3172
2 1 0 0 0 3173
2 1 0 0 0 3174
2 1 0 0 0 3175
2 1 0 0 0 3176
2 1 0 0 0 3177
2 1 0 0 0 3178
2 1 0 0 0 3179
2 1 0 0 0 3180
2 1 0 0 0 3181
2 1 0 0 0 3182
2 1 0 0 0 3183
2 1 0 0 0 3184
2 1 0 0 0 3185
2 1 0 0 0 3186
2 1 0 0 0 3187
2 1 0 0 0 3188
2 1 0 0 0 3189
2 1 0 0 0 3190
2 1 0 0 0 3191
2 1 0 0 0 3192
2 1 0 0 0 3193
2 1 0 0 0 3194
2 1 0 0 0 3195
2 1 0 0 0 3196
2 1 0 0 0 3197
2 1 0 0 0 3198
2 1 0 0 0 3199
2 1 0 0 0 6144
2 1 0 0 0 6145
2 1 0 0 0 6146
2 1 0 0 0 6147
2 1 0 0 0 6148
2 1 0 0 0 6149
2 1 0 0 0 6150
2 1 0 0 0 6151
2 1 0 0 0 6152
2 1 0 0 0 6153
2 1 0 0 0 6154
2 1 0 0 0 6155
2 1 0 0 0 6156
2 1 0 0 0 6157
2 1 0 0 0 6158
2 1 0 0 0 6159
2 1 0 0 0 6160
2 1 0 0 0 6161
2 1 0 0 0 6162
2 1 0 0 0 6163
2 1 0 0 0 6164
2 1 0 0 0 6165
2 1 0 0 0 6166
2 1 0 0 0 6167
2 1 0 0 0 6168
2 1 0 0 0 6169
2 1 0 0 0 6170
2 1 0 0 0 6171
2 1 0 0 0 6172
2 1 0 0 0 6173
2 1 0 0 0 6174
2 1 0 0 0 6175
2 1 0 0 0 6176
2 1 0 0 0 6177
2 1 0 0 0 6178
2 1 0 0 0 6179
2 1 0 0 0 6180
2 1 0 0 0 6181
2 1 0 0 0 6182
2 1 0 0 0 6183
2 1 0 0 0 6184
2 1 0 0 0 6185
2 1 0 0 0 6186
2 1 0 0 0 6187
2 1 0 0 0 6188
2 1 0 0 0 6189
2 1 0 0 0 6190
2 1 0 0 0 6191
2 1 0 0 0 6192
2 1 0 0 0 6193
2 1 0 0 0 6194
2 1 0 0 0 6195
2 1 0 0 0 6196
2 1 0 0 0 6197
2 1 0 0 0 6198
2 1 0 0 0 6199
2 1 0 0 0 6200
2 1 0 0 0 6201
2 1 0 0 0 6202
2 1 0 0 0 6203
2 1 0 0 0 6204
2 1 0 0 0 6205
2 1 0 0 0 6206
2 1 0 0 0 6207
2 1 0 0 0 6208
2 1 0 0 0 6209
2 1 0 0 0 6210
2 1 0 0 0 6211
2 1 0 0 0 6212
2 1 0 0 0 6213
2 1 0 0 0 6214
2 1 0 0 0 6215
2 1 0 0 0 6216
2 1 0 0 0 6217
2 1 0 0 0 6218
2 1 0 0 0 6219
2 1 0 0 0 6220
2 1 0 0 0 6221
2 1 0 0 0 6222
2 1 0 0 0 6223
2 1 0 0 0 6224
2 1 0 0 0 6225
2 1 0 0 0 6226
2 1 0 0 0 6227
2 1 0 0 0 6228
2 1 0 0 0 6229
2 1 0 0 0 6230
2 1 0 0 0 6231
2 1 0 0 0 6232
2 1 0 0 0 6233
2 1 0 0 0 6234
2 1 0 0 0 6235
2 1 0 0 0 6236
2 1 0 0 0 6237
2 1 0 0 0 6238
2 1 0 0 0 6239
2 1 0 0 0 6240
2 1 0 0 0 6241
2 1 0 0 0 6242
2 1 0 0 0 6243
2 1 0 0 0 6244
2 1 0 0 0 6245
2 1 0 0 0 6246
2 1 0 0 0 6247
2 1 0 0 0 6248
2 1 0 0 0 6249
2 1 0 0 0 6250
2 1 0 0 0 6251
2 1 0 0 0 6252
2 1 0 0 0 6253
2 1 0 0 0 6254
2 1 0 0 0 6255
2 1 0 0 0 6256
2 1 0 0 0 6257
2 1 0 0 0 6258
2 1 0 0 0 6259
2 1 0 0 0 6260
2 1 0 0 0 6261
2 1 0 0 0 6262
2 1 0 0 0 6263
2 1 0 0 0 6264
2 1 0 0 0 6265
2 1 0 0 0 6266
2 1 0 0 0 6267
2 1 0 0 0 6268
2 1 0 0 0 6269
2 1 0 0 0 6270
2 1 0 0 0 6271
2 1 0 0 0 9216
2 1 0 0 0 9217
2 1 0 0 0 9218
2 1 0 0 0 9219
2 1 0 0 0 9220
2 1 0 0 0 9221
2 1 0 0 0 9222
2 1 0 0 0 9223
2 1 0 0 0 9224
2 1 0 0 0 9225
2 1 0 0 0 9226
2 1 0 0 0 9227
2 1 0 0 0 9228
2 1 0 0 0 9229
2 1 0 0 0 9230
2 1 0 0 0 9231
2 1 0 0 0 9232
2 1 0 0 0 9233
2 1 0 0 0 9234
2 1 0 0 0 9235
2 1 0 0 0 9236
2 1 0 0 0 9237
2 1 0 0 0 9238
2 1 0 0 0 9239
2 1 0 0 0 9240
2 1 0 0 0 9241
2 1 0 0 0 9242
2 1 0 0 0 9243
2 1 0 0 0 9244
2 1 0 0 0 9245
2 1 0 0 0 9246
2 1 0 0 0 9247
2 1 0 0 0 9248
2 1 0 0 0 9249
2 1 0 0 0 9250
2 1 0 0 0 9251
2 1 0 0 0 9252
2 1 0 0 0 9253
2 1 0 0 0 9254
2 1 0 0 0 9255
2 1 0 0 0 9256
2 1 0 0 0 9257
2 1 0 0 0 9258
2 1 0 0 0 9259
2 1 0 0 0 9260
2 1 0 0 0 9261
2 1 0 0 0 9262
2 1 0 0 0 9263
2 1 0 0 0 9264
2 1 0 0 0 9265
2 1 0 0 0 9266
2 1 0 0 0 9267
2 1 0 0 0 9268
2 1 0 0 0 9269
2 1 0 0 0 9270
2 1 0 0 0 9271
2 1 0 0 0 9272
2 1 0 0 0 9273
2 1 0 0 0 9274
2 1 0 0 0 9275
2 1 0 0 0 9276
2 1 0 0 0 9277
2 1 0 0 0 9278
2 1 0 0 0 9279
2 1 0 0 0 9280
2 1 0 0 0 9281
2 1 0 0 0 9282
2 1 0 0 0 9283
2 1 0 0 0 9284
2 1 0 0 0 9285
2 1 0 0 0 9286
2 1 0 0 0 9287
2 1 0 0 0 9288
2 1 0 0 0 9289
2 1 0 0 0 9290
2 1 0 0 0 9291
2 1 0 0 0 9292
2 1 0 0 0 9293
2 1 0 0 0 9294
2 1 0 0 0 9295
2 1 0 0 0 9296
2 1 0 0 0 9297
2 1 0 0 0 9298
2 1 0 0 0 9299
2 1 0 0 0 9300
2 1 0 0 0 9301
2 1 0 0 0 9302
2 1 0 0 0 9303
2 1 0 0 0 9304
2 1 0 0 0 9305
2 1 0 0 0 9306
2 1 0 0 0 9307
2 1 0 0 0 9308
2 1 0 0 0 9309
2 1 0 0 0 9310
2 1 0 0 0 9311
2 1 0 0 0 9312
2 1 0 0 0 9313
2 1 0 0 0 9314
2 1 0 0 0 9315
2 1 0 0 0 9316
2 1 0 0 0 9317
2 1 0 0 0 9318
2 1 0 0 0 9319
2 1 0 0 0 9320
2 1 0 0 0 9321
2 1 0 0 0 9322
2 1 0 0 0 9323
2 1 0 0 0 9324
2 1 0 0 0 9325
2 1 0 0 0 9326
2 1 0 0 0 9327
2 1 0 0 0 9328
2 1 0 0 0 9329
2 1 0 0 0 9330
2 1 0 0 0 9331
2 1 0 0 0 9332
2 1 0 0 0 9333
2 1 0 0 0 9334
2 1 0 0 0 9335
2 1 0 0 0 9336
2 1 0 0 0 9337
2 1 0 0 0 9338
2 1 0 0 0 9339
2 1 0 0 0 9340
2 1 0 0 0 9341
2 1 0 0 0 9342
2 1 0 0 0 9343
